1.0898967960128851 5.554649264706036e-16 0.01326721025241659 2.5014340727807877e-14

0.02688852553307861 2.2368984667332698e-15 0.00842508520666661 1.0631252152468085e-13

0.024142484865748787 3.529394159926719e-17 0.0042936079491006 1.5078670122918176e-15

0.9800686056597466 2.674700184026517e-18 0.01615933126458107 -3.141592653589793

0.1341317594672375 -0.01463895694714088 0.001614507418781537 -1.479685052940642
0.13413175946723396 0.014638956947136232 0.0016145074187747539 1.4796850529403334

0.10029794093820121 -3.0239660672106892e-15 -0.012107402352262623 -1.5380589152939775e-13

0.10501536831369597 3.454754015599212e-17 0.010183814414172182 1.574054455647975e-15

0.949162622797081 9.460253882795714e-17 0.005759157542150979 4.429366104791794e-15

0.9332848496754896 -1.7487209494743174e-17 0.004765656866601003 -8.226491929215174e-16

0.0032834812889746554 -3.1415926526436304 0.016876232274713267 -3.141592619731854
0.0005282246980450974 4.760863977662269e-13 -0.05450226743986944 3.0376365346289294e-11

0.9445946632378899 -1.9477520356226804e-15 0.015159292766696019 3.1415926535897065

0.37449769775044517 -0.014311373167605522 0.003080512443152041 3.1334727461392906
0.3744976977497965 0.014311373167620087 0.003080512443134668 -3.1334727461391982

0.07208377411575337 2.09404930886922e-15 -0.015568917575473183 1.0771563184970039e-13

0.11775647624524849 4.171797347615956e-14 0.03667843665396575 1.3975722194687007e-12

0.0666935511184343 2.534064532308104e-13 0.008572263273433326 -3.1415926535707377
0.00847757209420307 1.7986805111245524e-13 -0.05925029791354088 5.585452233137713e-12

0.02779007225219807 -0.03799648406262407 0.0004967996155470197 0.016272848392922902
0.02779007224057631 0.03799648405430679 0.0004967996042583273 -0.01627284915236996

0.051279904974467126 -4.1674342091591035e-15 -0.02203156326558874 -2.2047503513873032e-13

0.03854165152578451 -1.1755634534543876e-16 -0.019573623683556304 -6.0074886702129975e-15

