0.01806504410450802 -0.6581338722875536 0.16075463637373583 -2.3154403556187315
0.018065044100793216 0.658133872296663 0.16075463634794465 2.3154403555679326
0.0011348408134476198 -2.9246112170841223 0.14319280881175245 -1.9396140026827327
0.0011348408113322297 2.924611217067023 0.14319280870348577 1.9396140010194725
0.011381075867942762 -1.1398840527224585 0.050394932724588025 -2.733361169722672
0.011381075867475972 1.1398840527251684 0.050394932723377216 2.733361169910138
0.0014887784156776198 2.874738609030164 0.026691605743120767 1.1421863928978382
0.0014887784122624538 -2.874738609032497 0.026691605725424682 -1.142186393133019
0.0025519758813687403 -2.5320823047814836 0.012418451136003327 -2.9093324882895075
0.0025519758812119495 2.5320823047811727 0.012418451134748387 2.9093324882665055
0.0012459599327813784 -2.6881506094234084 0.01047411551391469 3.040989157379721
0.0012459599327201076 2.6881506094203758 0.010474115512915627 -3.040989157537866
0.0011796608656733849 -1.0099579618626526 0.009181002056573311 2.4744732079502225
0.0011796608656233533 1.0099579618634893 0.009181002055649153 -2.4744732079026615
0.4802191468874578 0.017701579911915278 0.00798443367481009 0.5096688781653568
0.4802191468816945 -0.017701579912055822 0.00798443367473052 -0.5096688781700196
0.0009016553245210618 -1.8203488557158818 0.006883510924995618 0.24071236905444737
0.0009016553245182996 1.8203488557162968 0.006883510924907081 -0.2407123690394394
0.0004820415322602513 -3.141592653579199 -0.0023499481152637323 6.28016902441873e-10
0.00045423178788949766 1.9683920248299625 -0.0049938718024867 -2.5106748733839623
0.0004542317878208527 -1.9683920248308184 -0.004993871805387402 2.510674873364973
0.0006331000285391681 2.267720256578658 -0.011108287174184581 -1.5390095134619608
0.0006331000284785627 -2.267720256578803 -0.011108287177449251 1.5390095133653718
0.0001350069019484886 1.4090397926132612 -0.020794889742653387 1.6332618184633745
0.00013500690192994998 -1.4090397926060516 -0.020794889744541505 -1.6332618181520513
0.0002504591118612224 1.6853090394490817 -0.022272049676044934 2.0505112874988076
0.0002504591118504833 -1.6853090394491363 -0.022272049676846015 -2.0505112874993343
0.00022300046196715634 -2.315295625170002 -0.024498527208449642 1.9515621476569254
0.0002230004618886782 2.315295625172001 -0.02449852721267191 -1.951562147622668
0.0001563917862339493 -0.4301209313798307 -0.024740607649277734 0.4728009390393861
0.00015639178628387777 0.43012093137181323 -0.02474060765094743 -0.47280093937946444
0.00019644609870438898 0.8025758879106464 -0.03282935122618659 1.698914460511487
0.00019644609868019623 -0.8025758879119375 -0.032829351228514526 -1.6989144605884703
0.00013605947935286015 0.6427328397543876 -0.03312197865223844 -1.8543708652874915
0.0001360594793271263 -0.6427328397571257 -0.03312197865521249 1.8543708651102655
1.168182230630692e-05 -0.3492592088694694 -0.054610812153076754 -0.4812974331255699
1.1681822312006049e-05 0.34925920884914946 -0.05461081216769857 0.48129743379880413
2.2238782265074186e-05 2.0007471359848634 -0.08293960202260584 -0.5764878158955925
2.2238782264567406e-05 -2.000747135980218 -0.08293960203015102 0.5764878159627567
0.001991962030487574 1.437384960106704 -0.11715847592048977 -0.8459679561109933
0.001991962030463686 -1.437384960123488 -0.11715847592095013 0.8459679560750567

0.01229012016984788 -1.167715772758229 0.1458081209934489 -1.3816643923710556
0.012290120169848096 1.167715772758203 0.14580812099344068 1.3816643923703618
0.012119497669885926 -0.8689770432936711 0.05386615350649631 2.849785376719926
0.012119497669891448 0.8689770432935943 0.053866153506491855 -2.849785376721906
0.0034494149615572527 -2.1712274082773484 0.04027676078449768 -3.0036846281072442
0.0034494149615568546 2.1712274082773595 0.040276760784496296 3.0036846281077523
0.002065787083958159 -2.8926309491974136 0.035998213088974294 -3.0278699631768715
0.0020657870839574095 2.8926309491974185 0.03599821308896577 3.0278699631771318
0.002865881300877766 -1.4362437604308655 0.032494221191032346 0.506349566192565
0.00286588130087757 1.4362437604308624 0.032494221191030744 -0.5063495661927211
0.003944164516606729 -0.39447146005273187 0.026088993985946485 1.8440479523664286
0.003944164516606804 0.3944714600527313 0.026088993985946485 -1.8440479523665088
0.0058637396736837275 0.2309373061797978 0.025699580947565425 -1.8696643757698077
0.0058637396736833216 -0.23093730617979233 0.025699580947563944 1.8696643757700084
0.02869664049383218 1.353761117030007e-16 0.009742621909660645 5.5080534523516656e-15
0.0023725854913723655 1.2851291804910319 0.008706989664406901 -0.7582555819671597
0.002372585491372103 -1.2851291804910345 0.008706989664404996 0.7582555819670207
0.0018692839237453315 -1.8657418449386631 0.007709469498280204 1.4966241336740758
0.0018692839237452197 1.865741844938662 0.007709469498278637 -1.496624133674127
0.0006850452267877973 2.006327182872765 0.00170247403883412 -1.4249481651171823
0.0006850452267873718 -2.006327182872758 0.0017024740388197738 1.4249481651175142
0.000716552558224196 -2.974357943788348 -0.001065241477709675 -0.2052528359053619
0.0007165525582238029 2.9743579437883385 -0.0010652414777207655 0.20525283590554422
0.001401253168992991 -0.8474717997364095 -0.001452109775464599 1.3299463948393029
0.0014012531689924664 0.8474717997364296 -0.0014521097754661512 -1.329946394837318
0.000729393725583932 -2.4876254379125107 -0.005721170101528369 1.8155868577739076
0.000729393725583898 2.4876254379125124 -0.005721170101529032 -1.8155868577738263
0.000743872035484704 2.664824296423294 -0.0057685861723372825 1.2119797875974858
0.0007438720354846723 -2.6648242964232915 -0.005768586172339491 -1.2119797875973695
0.0008916204494900196 -1.726733279017006 -0.00597728652737359 -2.0304737721551285
0.0008916204494898444 1.726733279017006 -0.005977286527376459 2.030473772155113
0.0014127625342311562 0.14469789411779388 -0.008023231675740391 -2.866259100070397
0.001412762534231069 -0.1446978941177938 -0.008023231675742154 2.8662591000704007
0.0004499612572683079 -0.6348776027489519 -0.013088361484716884 -2.354642938327242
0.0004499612572681188 0.6348776027489479 -0.013088361484727622 2.354642938327145
0.00018419971959594952 1.5655947109490667 -0.019140857120052507 -0.01041769551633832
0.0001841997195959449 -1.5655947109490658 -0.019140857120053378 0.010417695516325357
0.0004569651075553897 3.1415926535897913 -0.02315567781161842 -6.874857458147478e-14
0.00013781091116238768 2.320288382770049 -0.04147761541777521 0.7155286942866844
0.00013781091116234044 -2.32028838277005 -0.04147761541778394 -0.7155286942867357
1.3834093399803733e-05 1.12736821724055 -0.06064374718901887 1.0055901656422834
1.3834093399788771e-05 -1.1273682172405604 -0.06064374718903266 -1.0055901656422188
7.151153446086488e-06 -0.5163945374321541 -0.0680019417718324 2.37706554387618
7.151153446084117e-06 0.5163945374321246 -0.06800194177183488 -2.3770655438774204
5.5365522169677935e-05 -2.73453502696462 -0.1250797419846467 -0.5707598792479317
5.536552216964128e-05 2.734535026964632 -0.1250797419846557 0.5707598792477756
4.830053547547711e-05 -2.083018087452611 -0.17312384570589498 2.6508860999566535
4.8300535475426575e-05 2.0830180874526367 -0.17312384570592412 -2.6508860999559634

0.03639761092434827 -3.141592653582863 1.090381448901511 3.141592653586868
0.01487431928760787 3.1061833990469694 0.05728216294899892 0.9630618131464768
0.014874319287288277 -3.1061833990526666 0.05728216294435323 -0.9630618134891656
0.015711713392384388 0.10237005191838848 0.04853448735792133 2.2986340342495977
0.015711713392350293 -0.10237005191844267 0.04853448735787297 -2.2986340342517453
0.0059432447467075095 0.9671724050938769 0.04099651396571172 -1.1830306423906407
0.005943244746703151 -0.9671724050938347 0.04099651396570917 1.1830306423922796
0.00557653021387792 0.22371930345117358 0.04075424196470892 1.099718461191136
0.005576530213856595 -0.22371930345128746 0.04075424196462346 -1.0997184611958535
0.0022668251138837437 3.0151464215219144 0.028044746681980957 3.089100541770014
0.0022668251134148085 -3.0151464215196926 0.028044746678109456 -3.089100541663903
0.0036170164537081316 2.04998833050471 0.02680961331180084 0.27086398225740466
0.0036170164537047376 -2.049988330504709 0.026809613311778602 -0.2708639822572038
0.0020071403731901005 -0.3239282648615335 0.015994199320487606 0.18072538120713774
0.0020071403731816446 0.3239282648614861 0.015994199320395325 -0.18072538120937012
0.0008688494665817474 -2.9111482450178494 0.014799074757883994 -0.8374601530361728
0.0008688494665183107 2.911148245018013 0.014799074756614907 0.8374601530779437
0.000994971912898756 1.4932157459214057 0.006226448039246137 -0.27954824342655915
0.0009949719128976825 -1.4932157459214086 0.0062264480392236815 0.2795482434265878
0.0012382991404572986 0.5591773664424546 0.006012470953752144 1.058180463480135
0.0012382991404358635 -0.5591773664423427 0.006012470953347372 -1.0581804634775693
0.0026842532336828267 0.7819745236326732 0.003764642718083352 -0.5248755498523473
0.002684253233680741 -0.7819745236326556 0.0037646427180617324 0.524875549853243
0.001171548715124447 2.6689270065747257 0.0019388162841202847 1.0438845960466514
0.0011715487151223113 -2.6689270065747253 0.0019388162840796828 -1.0438845960465128
0.0011904510492692546 -1.3053469456053004 0.0017983713209339229 -0.6706633593789282
0.0011904510492680683 1.3053469456053228 0.0017983713209092315 0.670663359380116
0.01969905484604199 -9.006503613162003e-16 0.0009108992278946006 -3.6524143715526224e-16
0.0010373865066956862 2.4644940437760456 -0.004129438101620903 -1.836084689352179
0.0010373865066943015 -2.4644940437760665 -0.004129438101658274 1.8360846893509102
0.0009143858664326174 2.2346455924427153 -0.015924433016433998 -2.2823430106644165
0.0009143858664321088 -2.2346455924427358 -0.015924433016447546 2.2823430106632396
0.0004368337598292585 -1.7626399664666932 -0.018339811288530624 3.0978641923006918
0.0004368337598288361 1.7626399664666652 -0.01833981128855155 -3.0978641923020893
0.0002986817076764556 2.546156937349887 -0.023396235909816505 0.13476488200973946
0.00029868170767613186 -2.546156937349827 -0.023396235909850342 -0.1347648820062322
8.645918154319563e-05 -1.1592834383274648 -0.04117617048875956 0.1316086364713931
8.645918154299271e-05 1.1592834383275463 -0.04117617048880963 -0.1316086364668187
0.00014216097849818995 2.3208614131801872 -0.045070470977618085 1.3338404867366291
0.00014216097849814756 -2.3208614131801473 -0.04507047097762233 -1.3338404867340625
7.17990193300008e-05 -1.8733705371272293 -0.04518884103526571 -1.4865401513183605
7.179901932997892e-05 1.873370537127242 -0.045188841035274194 1.48654015131959
2.3034653869576725e-05 -1.627703836648213 -0.05480510508880663 -0.9554795637262702
2.303465386958962e-05 1.6277038366482863 -0.0548051050888142 0.9554795637297253
1.379952357674307e-05 1.0557907139299616 -0.06334309789812334 1.1434780625359713
1.3799523576617288e-05 -1.0557907139299392 -0.06334309789832071 -1.143478062539355
5.157651982188468e-06 -0.6737356776097924 -0.06776631965981601 -0.27199316472538065
5.157651982183228e-06 0.6737356776095668 -0.06776631966011647 0.27199316473591817

0.010162882393850112 1.1414197752468462 0.13654863323177935 -2.964183476938115
0.01016288239381389 -1.141419775246713 0.1365486332315728 2.964183476940459
0.012056674928579985 -0.18525362590820577 0.0827401648706264 2.3850344169347943
0.012056674928475399 0.18525362590818956 0.08274016487059999 -2.385034416938421
0.00275497219458692 1.6128988503013058 0.06025126144979699 3.111127238114498
0.0027549721945990925 -1.6128988503012192 0.06025126144963781 -3.1111272381123545
0.003993760281088195 1.8958831954230675 0.05032601332306357 1.0079718966932727
0.003993760281053361 -1.895883195422904 0.05032601332278547 -1.0079718966866162
0.003001836777835479 -0.3253424527609362 0.03195522283459657 -2.525442030204029
0.0030018367778334057 0.3253424527609018 0.03195522283456195 2.525442030201083
0.0038182157842667087 -2.651096516561244 0.028461385714181962 1.004407720524006
0.0038182157842653326 2.651096516561295 0.028461385714171682 -1.004407720521542
0.004344400267828038 2.0762480027436774 0.026930333612652887 0.64786810308906
0.0043444002678238195 -2.0762480027436228 0.02693033361262848 -0.647868103086308
0.002268608386554098 -1.7892115135748619 0.016340129325202516 -1.1621088315384052
0.002268608386543956 1.789211513574883 0.01634012932511088 1.1621088315406596
0.0010975540519435893 0.884723143338246 0.006678023480612112 -2.456925836872809
0.0010975540519421714 -0.8847231433381922 0.006678023480596911 2.4569258368752114
0.0012517301712268942 -3.0480840248607044 0.006467054295962946 -2.624575387802713
0.0012517301712261632 3.0480840248606644 0.006467054295936463 2.6245753878009253
0.0024473673404005573 -2.2489780928489487 0.00583260158541428 -0.15209390987477686
0.0024473673403948635 2.2489780928489975 0.005832601585259392 0.15209390988172103
0.37116858826624716 -0.01653402218995473 0.00353117352463196 3.012519663735187
0.37116858826591326 0.01653402218994342 0.003531173524623158 -3.0125196637354192
0.0010580317026433585 2.5394818087151307 0.0014172477587533444 0.49520765242180187
0.0010580317026355776 -2.539481808715124 0.0014172477585677854 -0.49520765242296394
0.0008131546085609671 0.4594461582092688 -0.009951698896860834 2.2874287026441498
0.0008131546085609969 -0.4594461582092605 -0.009951698896875345 -2.2874287026436377
0.00039351118677883717 0.5770357757344462 -0.010003657404610825 0.22695448583091077
0.0003935111867785368 -0.5770357757344743 -0.010003657404621377 -0.2269544858329864
0.00043667434977002947 1.0135995273859233 -0.010630138848266467 -1.1016014274994108
0.0004366743497694452 -1.0135995273858016 -0.010630138848293709 1.1016014275053605
0.0003255893560663078 -2.7656317497607317 -0.018922036063480675 1.517114017754879
0.00032558935606501156 2.7656317497606775 -0.018922036063549526 -1.517114017757104
0.0003555283678590662 0.7412773637974105 -0.02021230297670071 -0.9811695477264839
0.00035552836785858433 -0.7412773637974185 -0.020212302976734008 0.9811695477255297
0.0007096313370237764 2.293535442995363 -0.02114576748012636 -0.009842630969833552
0.0007096313370125486 -2.2935354429955 -0.021145767480306367 0.00984263096196248
0.00034063197832968927 1.358623610317846 -0.021464741384296163 0.47519110766517053
0.0003406319783294178 -1.3586236103178502 -0.02146474138431681 -0.47519110766522454
0.0004046986819847295 -2.939796322298059 -0.02308896168253512 2.473765641933975
0.0004046986819841063 2.939796322298021 -0.023088961682562678 -2.4737656419361516
0.00011374176515069875 -1.572417790759649 -0.030263533457684157 1.7185707723608907
0.00011374176514989309 1.5724177907597083 -0.030263533457763434 -1.7185707723560557
6.591710752087357e-05 -0.8952567061723165 -0.18461691669237182 0.08339578983505602
6.591710752447354e-05 0.8952567061718614 -0.18461691669340602 -0.08339578980959272

0.014958267100888495 2.376487059738903 0.1470696881445393 2.439181271917107
0.014958254962556778 -2.3764868861395376 0.1470696053448422 -2.4391809775889652
0.018288791662837103 -0.41710008402102344 0.10115575232914278 1.5491044427026563
0.018288778060592783 0.4171000823678204 0.10115561722300234 -1.549104456821503
0.005895730417723706 -3.1415921952194883 0.07021596726831726 -3.141517989788137
0.011877575467486494 -1.7606788321036364 0.06134749253859529 2.7101337777621426
0.011877574413515715 1.7606788524683927 0.06134748926498884 -2.7101327250370058
0.01006180783206252 1.8883000314844995 0.04294825772359133 2.8669419450914155
0.01006177062389039 -1.888299994940761 0.042948199058673205 -2.8669399839742735
0.0044275818181537885 -1.5843791265312723 0.038799587983933626 1.6004984781410376
0.0044275807099153335 1.5843791190000565 0.03879957927532488 -1.6004989501575595
0.005439005512751645 -2.907476569992369 0.037599251198669345 -1.0400901312188866
0.005438969488258575 2.907476489401587 0.03759913935401264 1.040087578129184
0.004870297814676037 2.48647208751895 0.023778962385052 -0.2470373518386443
0.004870295166844032 -2.4864721036223263 0.023778951711903515 0.24703666726987997
0.0013881331243979797 -0.565602918936779 0.006037355674590566 2.9309681436222483
0.0013881324499331784 0.5656029209158148 0.006037346343402208 -2.930968020173307
0.0012900878165674674 -0.7040347564345482 0.004243747553301059 2.421473847182936
0.001290087334283045 0.7040347618717654 0.004243738581801167 -2.4214734937205624
0.0014071287553804207 2.6218189118674817 -0.00012558603671940127 0.2344393506172298
0.0014071286395171492 -2.6218189248895887 -0.00012558752042184578 -0.23443997335631508
0.0013605183175832156 -0.9861601120916509 -0.0003856694943605412 1.2891455032782728
0.0013605170475038198 0.9861601015812441 -0.00038568858338491115 -1.2891461908545738
0.000609272950931757 -0.3314332834969787 -0.004829199072891176 -2.423973361195088
0.0006092728028362599 0.33143327969495373 -0.004829201200765585 2.423973287141331
0.0010505274752335629 -2.340185485251385 -0.005140230746244639 1.3497225110905418
0.0010505268439536255 2.3401854781389853 -0.005140241966628429 -1.3497230317571964
0.0004757706330042377 -1.1209232808011091 -0.011916200088940213 -0.011739855967771735
0.0004757706570799626 1.1209232813908305 -0.011916201266649745 0.01173993083757272
0.08861616863443722 -1.3852701924557856e-09 -0.012592990180632613 -7.127115374616119e-08
0.0002577323915834769 3.0912907994526946 -0.015160421701742064 1.1826325518272884
0.00025772885829953337 -3.0912904146583906 -0.015160778975425684 -1.1826120762691579
0.000375634078920403 1.420643834323888 -0.036172071796805025 -1.2196379031732534
0.0003756340097721375 -1.4206438069549339 -0.036172079475489685 1.2196382440166194
0.09718065919105165 -1.8460355931242733 -1.4422396475196544 0.07575170079468488
0.09718094633521461 1.8460305574296783 -1.4422416198007004 -0.07573995987587226

0.004147948174097554 1.4321320887181266 0.07126877692733043 2.602935061118018
0.004147948174120902 -1.4321320887173068 0.07126877692712358 -2.602935061097187
0.005069755389264728 2.863673402915465 0.05249790428847122 3.000242766728006
0.005069755389171886 -2.863673402915376 0.05249790428788221 -3.0002427667316725
0.002730712173892865 -0.7757991520415408 0.038189134303310265 -3.028472096998085
0.0027307121736472625 0.7757991520395421 0.038189134300070475 3.028472096931399
0.002909224258804948 1.7996278287810494 0.017688740868921277 -1.9270331129372276
0.0029092242588032555 -1.7996278287815544 0.017688740868890537 1.927033112917388
0.002809536293103313 -0.6569171403366865 0.016411911759979244 1.7354019351816523
0.002809536293064018 0.6569171403351893 0.01641191175962893 -1.7354019352514698
0.0015940853181521952 -2.283296825787931 0.015151650134585795 -0.8991812005354353
0.0015940853180673115 2.283296825789964 0.01515165013322169 0.8991812005957618
0.15626600412154096 0.015154819270178366 0.002741900127818093 1.495109688906883
0.1562660041218679 -0.015154819270137282 0.0027419001277685525 -1.4951096889021998
0.0014817162995453869 1.0655699227520365 0.0023424128141290596 -0.41466198060444825
0.0014817162995285503 -1.0655699227513789 0.0023424128135400403 0.41466198063646786
0.00040930095517746244 -2.403502101923533 -0.0032318788545105657 1.4990648333160623
0.00040930095506295204 2.403502101923718 -0.003231878859557733 -1.499064833321238
0.00048669898169324274 -0.48750656445984364 -0.0034467186145477973 1.120587797853619
0.0004866989816724186 0.4875065644597818 -0.0034467186155740966 -1.1205877978504706
0.0011193266022986443 -2.072961047057201 -0.0038772978192526944 -1.2952050843543608
0.0011193266022654794 2.0729610470588296 -0.003877297820653682 1.2952050844373793
0.0005795764819261457 0.34262141263780976 -0.0068107090937663374 -2.3834457958632354
0.0005795764819177143 -0.3426214126375901 -0.006810709094095379 2.3834457958735435
0.0005767412860389022 0.8680573689607 -0.013242497623119432 2.496727526229508
0.0005767412860242759 -0.8680573689591031 -0.013242497623783813 -2.4967275261379713
0.0005836247571743977 2.7552193381358547 -0.01399900301388614 -1.4199899649168375
0.0005836247571627194 -2.7552193381352805 -0.013999003014296248 1.4199899649476546
0.00031443800731538875 -1.2857431937058756 -0.016761060434567873 -1.3665574755812704
0.0003144380073142564 1.2857431937053427 -0.01676106043460805 1.3665574755550967
0.0002714729747633599 2.633045456849283 -0.01895220456266948 0.125055740440965
0.00027147297475497864 -2.6330454568495463 -0.018952204563206544 -0.1250557404514285
0.00028164361971247777 -2.995649800106796 -0.01912199252730705 1.8183489512171818
0.00028164361970905874 2.9956498001064866 -0.019121992527492648 -1.8183489512314617
0.00018177477583596467 -1.935270911645368 -0.02663598262038974 0.6971362742806391
0.00018177477582524609 1.9352709116438043 -0.026635982621319436 -0.6971362743615108
9.468571678009404e-05 -2.1632503740900453 -0.03756918095451221 1.7331306721898647
9.468571675852915e-05 2.163250374081566 -0.037569180958799624 -1.7331306727230613
6.177203426580351e-05 1.5348656743009734 -0.0412704114313344 1.017846370162745
6.177203426465543e-05 -1.5348656743003006 -0.04127041143148184 -1.017846370124674
1.242055068184006e-06 -1.0139918311140919 -0.08413944042695129 -0.874176482447349
1.2420550677265661e-06 1.0139918311157485 -0.08413944043324247 0.8741764826302264
1.5130150692546799e-05 -3.141592653589476 -0.13432418817428407 7.729248370351584e-11

0.03218301192058002 0.4211866495827144 0.0801685022186882 -1.5523409868301832
0.03218298433491103 -0.42118663867638917 0.08016848728172135 1.552342264492163
0.005313753315470457 -1.9477401414779691 0.061169905003149685 -2.1276493757459773
0.005313752608639556 1.9477401263583165 0.06116990161293332 2.1276491043559043
0.005317975881825432 1.7532676822676667 0.0329442542430143 -1.7607137054662776
0.005317975410985551 -1.7532676857875904 0.03294425273093022 1.7607135432788037
0.0023993914606219567 1.1293862345562462 0.028285674719250305 3.1080328861197444
0.0023993912243526743 -1.1293862313492093 0.028285672433968262 -3.108032789860312
0.0014302369311978392 2.078069899658913 0.026685155309155186 0.4636372523388685
0.0014302368048218293 -2.0780699062417076 0.026685154310349984 -0.46363753265582386
0.002321623413526286 2.570297798214987 0.02382714515335796 -1.047389205614146
0.0023216233566843657 -2.5702977978431436 0.02382714457091736 1.0473892256558321
0.001995836100757971 2.699089209791978 0.021506409337187393 -2.6392593686878407
0.001995836089772219 -2.6990892091863046 0.021506409169536347 2.639259398596334
0.0013187060277798038 -0.7645365258710178 0.01692760980858428 -1.6560650503709966
0.0013187058714240298 0.7645365209556387 0.016927607824057524 1.6560648689201984
0.002024514928402761 0.5476401595138065 0.016703627379684862 -0.2740042625264346
0.002024514759362273 -0.5476401571292424 0.01670362565550582 0.27400441189359437
0.0007769204216864885 1.3948037946425809 0.011706368759757689 0.08663078035794274
0.0007769202084115626 -1.3948037980647952 0.011706363348563396 -0.08663098174427412
0.06257279939376 -0.03214246783039373 0.00969639219926783 -1.43615258222335
0.0625727993694666 0.03214246778479635 0.009696392174902015 1.4361525801965822
0.0017428574706947811 1.877434650918511 0.006507119016801473 -2.0362679185612858
0.001742856970959357 -1.8774346536309094 0.0065071146286113535 2.036267708638988
0.0025752756741411016 1.027846075368127 0.0063977796132067355 -1.0082405511422206
0.0025752756144933465 -1.0278460746123332 0.006397779330226766 1.008240588476538
0.001267578562100019 2.9969394637570503 0.0017596790588885198 -1.0982578704173513
0.001267578545143151 -2.99693946359372 0.0017596787520184854 1.0982578786789832
0.0013197888741847276 2.1955298493654847 -0.0027570089416287815 -0.7223645998332091
0.0013197888293961255 -2.195529850511032 -0.0027570094373895273 0.7223645416705613
0.000887030031504731 -2.872610668231151 -0.004172500571760878 -3.1057797933668945
0.0008870300189574191 2.8726106680374532 -0.004172500847053355 3.105779785133963
0.0005535445642451032 1.2273247653880979 -0.011694909925560028 1.2672806275378874
0.0005535445326344581 -1.2273247630909603 -0.011694911465233219 -1.2672805059044638
0.0005201208926285072 -0.8648739348719552 -0.011829883254953006 -0.9304901689432851
0.0005201208304972026 0.8648739345245618 -0.011829885348047343 0.9304901282030742
0.00032852216005845036 -2.326212194990318 -0.024628393731439036 -2.0567299868732
0.0003285221486806399 2.3262121950047336 -0.024628394315087506 2.0567299867702373
9.008300806922493e-05 0.21732836150581508 -0.05238739509973033 -2.478750374070473
9.008300864800435e-05 -0.21732836184080673 -0.05238739517369583 2.478750359971903
7.010354051143572e-05 -3.1415926523899955 -0.10781682963247728 -1.074712304619939e-07

0.00029881118767260403 -0.6808334540999036 0.16478875064509232 3.0849036707573294
0.00029881120177097906 0.6808334083469105 0.16478871696963737 -3.08490525654601
0.008432143512495174 2.0371635135660284 0.04233022656768988 -0.8140072769210864
0.00843214031228235 -2.037163520114904 0.0423302218868384 0.8140068543205707
0.002914412244386409 0.3199710181372976 0.04004572162085358 -1.5724747703177653
0.0029144104353070813 -0.31997102004672817 0.04004566888750752 1.5724742971423153
0.00710433232482576 -0.3984355575409273 0.03909550183585028 -3.1006151433179556
0.007104326397756354 0.3984354924077429 0.03909547057622102 3.100611764911783
0.0017427210188207382 1.0770122114816414 0.03361054694625969 1.3998552713703896
0.001742721252027121 -1.0770122171239356 0.033610542333033865 -1.3998551891742967
0.0025914391511268017 0.9812341930668164 0.021450191995435155 -2.801231929741291
0.0025914387676362603 -0.981234191112299 0.02145018965797963 2.801231985579109
0.0016047402436479112 2.9625875843622413 0.018286067533926458 -2.8241987563470685
0.0016047401365630234 -2.962587586922345 0.01828606641227444 2.8241986516508275
0.0005015230718406052 2.686659635834209 0.017123001601313564 -3.0463190635732498
0.000501522867416194 -2.6866596384780053 0.017122994871020758 3.046319056020748
0.0022882706312698287 -1.8238495804070427 0.014966059422372351 -3.0819212012704282
0.002288270478384754 1.823849577674079 0.014966058420726161 3.0819210200632137
0.0016709117932002188 -0.4824721665137478 0.005967514138536028 -2.4862704741314876
0.0016709105681099574 0.48247218249334756 0.005967505371406812 2.4862712594414136
0.4768653568912448 -0.011048646724295041 0.005308529467921134 -0.46958924485226344
0.4768652479255108 0.011048649265699699 0.005308529288643827 0.4695893538179984
0.000662930606223616 3.1415926470908047 0.003312974072287181 3.141592545673822
0.0020222802926480555 2.2938542051108466 0.00042402355754108176 2.938236540537632
0.002022280153863879 -2.293854205862059 0.00042402222167733683 -2.9382365669251
0.001223030655072773 -1.403890855554721 -0.0011837354478799716 2.8626656028892015
0.0012230306412161884 1.4038908543016764 -0.0011837359138269267 -2.862665652573454
0.00027495761306250895 -1.1566461648871282 -0.023847432806665732 -0.9272477779303967
0.0002749574486958327 1.156646170119667 -0.023847441121718528 0.9272479438019025
5.2227270307280546e-05 -2.439623338987068 -0.04573344258050376 -0.5396028485920427
5.222726695247689e-05 2.439623340050109 -0.04573344400271512 0.5396029352250088
4.302071694593859e-06 -3.1415926424662013 -0.055320533647398855 1.9511775688132567e-06
1.0572143695005562e-05 -1.321443430567622 -0.07533406548613616 -0.2342011189644738
1.0572139680102498e-05 1.3214434315141443 -0.07533407322072366 0.2342012246503908
0.008264411135107624 -2.1000209464406354 -0.2084320210561042 -2.1585848154066865
0.008264412634130696 2.1000209552183615 -0.20843203902297586 2.1585846235109822
0.01680767983164835 1.8726882220948855 -0.3951733643883541 -0.518969852787277
0.01680767923672193 -1.872688187284347 -0.3951734022864095 0.5189696527050238

0.07477071966681073 3.775514050331275e-12 1.2401599250822108 3.141592653587505
0.006400610138148822 1.9064377510398527 0.12516487720617536 0.6109280316385206
0.006400610138206607 -1.9064377510379245 0.12516487720564198 -0.6109280316426513
0.00522009463343207 -2.1326898921543126e-11 0.07622681234360408 8.487963556810688e-09
0.0022056188759137885 2.7426079579086555 0.07064904753743274 -1.3194128114319694
0.002205618875773585 -2.7426079579075755 0.07064904753739093 1.3194128114275328
0.0019190803177193431 1.0205581493137932 0.0476872166836475 0.851238087467166
0.0019190803177031005 -1.0205581493136744 0.04768721668349961 -0.8512380874627171
0.0021937072754635747 -1.67656650571472 0.037716179572964005 -1.0505897240811477
0.00219370727545317 1.6765665057144785 0.03771617957288791 1.0505897240735218
0.0019159215261198865 1.4617687760199718 0.02896052303336109 1.900968152075813
0.0019159215261012974 -1.4617687760200218 0.028960523033148406 -1.9009681520778616
1.1636496945356658 1.748049996730021e-11 0.02311157633875117 3.141592651727077
0.0015047260643511065 -2.015323884724589 0.01566579187148618 1.1605893864880463
0.0015047260643380324 2.0153238847245754 0.0156657918713142 -1.160589386490782
1.9521508970600214 -5.023569247393316e-12 0.01119254188734918 -1.1498273007891286e-09
0.0013298031348428685 -0.8906559530632535 0.009622022851828815 -2.0456762043856247
0.0013298031348296993 0.8906559530637354 0.00962202285162962 2.0456762044078047
0.0008021503572616405 -2.522056416313418 0.009126879060828248 -3.088728326664717
0.0008021503572315288 2.5220564163136845 0.009126879060155222 3.0887283266865206
0.0010212281050651128 -2.975456186681962 -0.0025530831498907715 1.4179893646588027
0.001021228105060432 2.9754561866821923 -0.0025530831499851214 -1.4179893646458421
0.0006816584512868486 -2.325009082628141 -0.00669138412330428 2.953662887438302
0.0006816584512853338 2.3250090826281564 -0.006691384123345746 -2.953662887438063
0.0004254024097030094 0.2408534479792162 -0.008609942926432862 2.347766397859722
0.00042540240966961146 -0.24085344798416675 -0.008609942926491199 -2.3477663981001973
0.0005134240828174644 1.8354287060902097 -0.010472781687044193 0.3082615386627538
0.0005134240828148769 -1.8354287060901526 -0.010472781687099126 -0.30826153865835876
0.00032161627163911625 -3.14159265358846 -0.015416128380367737 -3.1415926535231105
9.492995950484964e-05 0.44030754140753703 -0.023854931655651196 2.6722748287506826
9.492995950342573e-05 -0.4403075414076829 -0.023854931655714503 -2.672274828758305
6.614955164066882e-05 -2.179027119707557 -0.03972724004570182 -0.08908530402167252
6.614955164047918e-05 2.1790271197074924 -0.03972724004574941 0.08908530401713222
4.894475570279172e-05 -1.1783951293789023 -0.04137414684131441 -1.7212525527758424
4.894475570223053e-05 1.1783951293790247 -0.04137414684154876 1.721252552783094
3.989905549722824e-05 -0.7544999197009056 -0.046337919771770035 0.21700047470743739
3.989905549579514e-05 0.7544999197009109 -0.04633791977235237 -0.2170004747279675
0.00025747420020245216 2.786625711704006 -0.10007290949036518 -0.6209614765830707
0.0002574742002075374 -2.786625711703117 -0.10007290949139139 0.6209614765813071
0.0006647990300888441 -0.5185734816293085 -0.12283830826882608 -0.8843178773843027
0.0006647990300444976 0.5185734816322362 -0.1228383082723051 0.8843178774519155
6.133377247913608e-05 1.6496000408133988 -0.14888465412760904 -0.2767382740515969
6.133377247950837e-05 -1.6496000408133589 -0.14888465412780802 0.2767382741080484

0.01225707057788405 2.244949905712664 0.09143216832123618 2.848900925703988
0.012257070577873577 -2.2449499057127382 0.09143216832121903 -2.8489009257055455
0.0016425243470358404 -2.4767739043507007 0.0332083156791213 -2.961563620146679
0.0016425243470335807 2.476773904350681 0.03320831567909674 2.9615636201455633
0.002487849672616117 -1.7389035090864267 0.03163570002106453 1.2825699522884968
0.002487849672620359 1.7389035090864218 0.03163570002098328 -1.282569952288853
0.0024357811046849392 -2.6154245270772085 0.029559808928990298 -0.9769492892664758
0.0024357811046849115 2.615424527077214 0.02955980892899007 0.9769492892665785
0.01057280807429914 -0.09703752779742908 0.02828443935765301 -0.8765387202690231
0.010572808074286526 0.0970375277974835 0.02828443935761372 0.8765387202700747
0.0013195552573044796 -1.4194568740555182 0.014705166789940908 1.88067199265272
0.0013195552573038133 1.4194568740554867 0.014705166789925134 -1.8806719926540152
0.001770603030080184 -0.5593295605224473 0.011340791209511873 -2.2134608571462135
0.0017706030300768227 0.5593295605224314 0.011340791209484474 2.21346085714712
0.0018290856592679747 -2.810217385404575 0.008557680625236288 0.5938244009449902
0.0018290856592682906 2.8102173854045844 0.008557680625233712 -0.5938244009445911
0.0019555633876690228 3.1415926535897922 -0.0012746741867602157 3.1415926535896253
0.0010226330634200695 2.126448743623408 -0.001596113589070104 -0.9039223440072706
0.0010226330634190374 -2.126448743623383 -0.0015961135890849574 0.9039223440085669
0.0007310183286005542 -1.04958220929641 -0.0018108991842821465 -0.6245180607971258
0.0007310183285989852 1.0495822092964449 -0.001810899184329135 0.6245180607985457
0.0014057227853836866 2.26579210184887 -0.004270200201631935 0.8700257956843268
0.0014057227853830614 -2.265792101848868 -0.004270200201641885 -0.8700257956839429
0.0012191891828222305 1.7194388763601973 -0.005515491431829845 1.5382866429034672
0.0012191891828177471 -1.7194388763602015 -0.005515491431877322 -1.5382866429046873
0.001350009922061989 1.195516272859373 -0.006916741743060621 -2.074745396242443
0.0013500099220602343 -1.195516272859426 -0.006916741743106709 2.0747453962399867
0.00037081628080148053 0.7783793982624465 -0.008119000159431523 1.0551333084547614
0.00037081628080037145 -0.7783793982622416 -0.008119000159511254 -1.0551333084453742
0.0009625957382983242 -1.928252352241625 -0.009472201187113727 0.7510602666326095
0.0009625957382981885 1.9282523522416228 -0.009472201187115266 -0.7510602666327577
0.0005136370067953137 -0.3634154355935268 -0.016998282393582507 0.4675382466693579
0.0005136370067915535 0.36341543559324924 -0.016998282393748416 -0.4675382466776973
0.0002941531691078873 2.952420051344328 -0.020738282118522848 -0.22949243372925515
0.0002941531691071384 -2.9524200513442276 -0.020738282118562865 0.22949243373313474
0.0001450382766088022 -1.5203829718237458 -0.02988942711672603 -0.49522342817629433
0.00014503827660865146 1.5203829718237525 -0.029889427116750602 0.4952234281768831
6.803902381234571e-05 0.8910159809956798 -0.034406705491363265 0.4638612286011543
6.803902381210525e-05 -0.8910159809956222 -0.03440670549145037 -0.4638612285976579
7.313948220182458e-05 1.2632603938962432 -0.04557794199793373 -0.09963620455125219
7.313948220148239e-05 -1.2632603938961986 -0.045577941998008624 0.0996362045559394
0.00035162673140867463 -2.799117613746295e-14 -0.06042956908881025 -2.0379959107250506e-12
1.1947481284292418e-05 -3.038358583223846 -0.06922477161649991 1.685917837609839
1.1947481284264305e-05 3.03835858322398 -0.06922477161654757 -1.6859178375997146
5.710030985080857e-06 0.46310130237641545 -0.07553174303111693 -2.4889662994140163
5.7100309847710745e-06 -0.4631013023775428 -0.07553174303189066 2.488966299357471
1.777150208959277e-05 -0.24833481297864557 -0.09226417766832076 2.3683722093304787
1.777150208971455e-05 0.2483348129782243 -0.09226417766908064 -2.3683722093421005

0.012316175081303624 2.2107714702814465 0.0784328115258805 2.4677411958263877
0.012316175081428073 -2.2107714702807724 0.07843281152585792 -2.467741195817799
0.003247641800189027 -2.6589692104661498 0.03665908444935352 -0.45230496931419056
0.003247641800183243 2.6589692104660774 0.03665908444932611 0.45230496931251146
0.00294522377672088 -2.9669778013972756 0.027440651292165837 -0.7114513890210057
0.002945223776693175 2.9669778013974484 0.027440651291920158 0.7114513890279662
0.0038327943795052844 -2.1379755675755465 0.024629735270562586 1.9321324019040818
0.003832794379448182 2.1379755675755425 0.024629735270312703 -1.9321324019007988
0.0004113893164370505 -0.4277664527529196 0.016466553927293928 -1.5761841117428737
0.00041138931643374896 0.42776645275282177 0.016466553927081514 1.5761841117519197
0.0008984843730939277 1.9763940287743917 0.013798856220391162 -1.7467131086066805
0.0008984843730899205 -1.9763940287743387 0.013798856220289516 1.7467131086097978
0.0022434888493857333 -3.0865693034532105 0.012047976288716292 -0.35305566605286054
0.0022434888493794002 3.0865693034534423 0.0120479762886455 0.3530556660644807
0.0009419975244864105 -1.3442385069915015 0.011000263752315812 1.6529073518616189
0.0009419975244842843 1.344238506991203 0.01100026375227585 -1.6529073518716109
0.37920639496029424 -0.01395155883624408 0.0028279185508611948 -3.0757122989491226
0.37920639495150144 0.013951558836447253 0.002827918550664463 3.0757122989463084
0.0008901995910117012 0.6752953890501384 -0.0006740539778148227 -1.069388018804482
0.0008901995910013998 -0.675295389049922 -0.0006740539781725174 1.0693880188110374
0.0005569709799654648 -2.8518706447057283 -0.0019845928612314857 -2.485077436320091
0.000556970979964216 2.8518706447059827 -0.0019845928612837846 2.4850774363343673
0.0008561190752675731 1.0476912557605007 -0.007861930324988782 2.1865927475006557
0.0008561190752650538 -1.0476912557603915 -0.007861930325060601 -2.186592747495633
0.0005131072595550944 1.1949560919989048 -0.010190059317627172 2.9084956853536115
0.0005131072595540277 -1.1949560919987132 -0.010190059317664975 -2.908495685343689
0.001405841732808955 2.308000239075998 -0.012283746378392149 -0.08123020025153471
0.0014058417328050136 -2.3080002390759 -0.01228374637843755 0.08123020025759421
0.0007105909527954369 2.4439236168936205 -0.013207219578620338 1.8756885507795955
0.0007105909527930767 -2.4439236168934766 -0.013207219578678845 -1.875688550772287
0.00039870537182346537 -0.9434452005123815 -0.015997413117601587 -1.4110242308863539
0.00039870537181827594 0.9434452005121373 -0.015997413117907953 1.4110242308732581
0.00041882779179496546 1.8206415629593848 -0.02063327481849113 -1.2730048317492015
0.0004188277917867175 -1.8206415629598012 -0.020633274818904833 1.273004831731008
0.00010515769406185443 0.3297132603468123 -0.031998596500407046 0.29397089987719827
0.00010515769406046831 -0.32971326034615916 -0.03199859650071651 -0.2939708998379146
7.984356466421682e-05 0.6139269401709678 -0.04348253970417031 -2.896252134388609
7.984356466213625e-05 -0.6139269401712381 -0.04348253970458169 2.896252134368836
7.89602710014831e-05 -0.19656382784811502 -0.044515855295680196 -1.8043115918799832
7.896027099488823e-05 0.19656382784802834 -0.044515855297121806 1.8043115918964983
5.677849247656361e-05 1.4617759132445072 -0.046340332365928764 2.5817103322430803
5.67784924737873e-05 -1.4617759132433252 -0.04634033236653972 -2.581710332189378
3.7246988091417784e-05 1.5339744700220683 -0.06764659308078036 -0.7514877989185499
3.724698809147031e-05 -1.5339744700219515 -0.06764659308088392 0.7514877989216644
9.507085162182263e-07 -1.634456744336912 -0.11038296654390915 1.183716637349943
9.507085165239637e-07 1.6344567443375613 -0.110382966545272 -1.1837166374834291

0.008334040496760124 0.5735852853121012 0.08522318126111907 -2.890228884132362
0.008334040525519431 -0.5735852850146393 0.08522318120650833 2.8902288826991254
0.013368081814441244 -0.2231766109281568 0.08096551438292937 2.5448543101518353
0.013368081853250969 0.22317661107435247 0.08096551429470376 -2.5448543040143115
0.0026623904071996236 -1.1842059299779293 0.04911808673486581 -0.9003157222979289
0.002662390404134497 1.1842059300038115 0.04911808662374272 0.900315722137102
0.004448145775900657 -0.3453970956549402 0.04032176080983486 -3.1167941635466754
0.0044481457694202095 0.3453970957514101 0.04032176079044145 3.116794167489855
0.0033801259330790215 0.5845365208920488 0.025932491166687013 0.2156018589637145
0.003380125925948322 -0.5845365209978435 0.0259324911392702 -0.21560186693696218
0.0022209574196149365 -1.0873943414247298 0.015426460964418222 -2.8781887091122207
0.002220957418940934 1.0873943414169758 0.015426460962378943 2.8781887088534828
0.002115067835072565 2.0581371770624957 0.01489207954158124 0.7411492220128258
0.0021150678341453205 -2.058137177059214 0.01489207953161421 -0.7411492218872028
0.000842893003714152 -2.177493539731951 0.011605860619935788 2.472726120812942
0.000842893003736425 2.1774935397672603 0.011605860615956799 -2.472726119255566
0.0014350841509568626 -0.7973870010006449 0.008520804487018313 1.8727176271943813
0.0014350841502855885 0.7973870009963621 0.00852080447837024 -1.8727176274443578
0.3750996587971435 -0.01646156881137911 0.005319698557498779 2.875993468284776
0.3750996585391999 0.016461568817670948 0.0053196985517602316 -2.8759934682190393
0.0018700149106569875 2.3157548204272174 -0.0018636109681132574 -0.2905942113439783
0.0018700149101622007 -2.315754820427699 -0.0018636109740212798 0.29059421133629987
0.001009746750924932 2.558587675797095 -0.0022988210166724646 -0.4437124168192575
0.0010097467508214197 -2.5585876757983796 -0.0022988210186753602 0.443712416752601
0.0007426071656235504 -3.0381576764442855 -0.003523246915250841 1.6784934160176581
0.0007426071632801385 3.038157676502024 -0.003523246994322288 -1.6784934132583476
0.0003837724835101725 1.625279435512321 -0.00432381650634578 2.7013666502802
0.00038377248225774914 -1.625279435505799 -0.004323816583044479 -2.7013666494005473
0.0007837142731051772 1.3702347335014966 -0.00907562973671102 1.1192161276686983
0.0007837142729994627 -1.3702347334637688 -0.009075629744220055 -1.119216125775803
0.0005323682960663272 -1.5233889934276448 -0.013563897856150819 -0.9476505065456298
0.0005323682938448648 1.5233889934452398 -0.01356389793690958 0.9476505075520498
0.00035656400201562066 -2.674311990621679 -0.023154770849160417 0.739527028489765
0.0003565640019216548 2.6743119906073716 -0.023154770854154887 -0.7395270290994156
0.00027303260662373305 1.7468128324642505 -0.023935519677794313 -2.548902087541786
0.00027303260654978526 -1.746812832535806 -0.023935519685348898 2.5489020844966426
2.37839356210693e-05 1.2459864423007432 -0.0555954255767382 0.7515183186386848
2.3783935446501465e-05 -1.2459864422817426 -0.05559542566505008 -0.7515183181471571
1.5742179164899723e-05 3.141592653203776 -0.05689954847727441 3.1415926330529667
0.0016567489438667888 2.317875308712358 -0.35694720538589303 1.0360577104465707
0.0016567489453650933 -2.317875308830868 -0.35694720551730436 -1.0360577099790365

0.0036467320819689236 2.231741795838162 0.06298617500237766 1.8490130315694666
0.0036467320820035183 -2.2317417958380745 0.06298617500189464 -1.849013031553427
0.003561060762521829 -1.8328385054697052 0.04062969762075661 1.5227870053114845
0.003561060762440335 1.8328385054697007 0.040629697620058 -1.522787005309521
0.0030015888156222554 -2.6089669610862605 0.034700109422565587 1.066267410062398
0.003001588815583193 2.6089669610863138 0.03470010942216076 -1.0662674100593503
0.005252188385269513 -0.9040328606516432 0.03197139983542198 2.4718380503007227
0.005252188385198267 0.9040328606516426 0.031971399835275596 -2.47183805029032
0.00133281452947084 2.964094668757676 0.024695096914034036 1.3543268552648537
0.0013328145294615773 -2.964094668758637 0.024695096913712213 -1.354326855310819
0.005319851916070526 -0.18830764299056085 0.021330618315553787 2.268872473444028
0.0053198519160288695 0.1883076429904649 0.021330618315381283 -2.2688724734479364
0.0008163765256540374 -0.6959384667227471 0.012724696240017791 2.5494632223581144
0.0008163765254808795 0.6959384667193678 0.012724696234864594 -2.5494632224785643
0.001757262563973155 -2.716384540966133 0.0011337887821510617 2.39848612310472
0.001757262563952576 2.7163845409663483 0.001133788781920985 -2.39848612309402
0.0008641610666743185 1.5943098678229075 0.00016560232144193 2.214404429553928
0.0008641610665953802 -1.5943098678229222 0.00016560231874175355 -2.214404429571348
0.0007764261777328219 2.0776214148267678 -0.007875229943342825 2.6868738932190053
0.0007764261777316473 -2.0776214148268575 -0.00787522994336816 -2.686873893223204
0.0005551704837889459 -0.9599647199819632 -0.008536144198950818 -2.6821283326393273
0.0005551704837711103 0.959964719981829 -0.008536144199298447 2.6821283326648304
0.05663201677886116 -0.019359419651835234 -0.009371873409869561 -1.308319217000189
0.05663201677892191 0.019359419651798614 -0.009371873409890239 1.308319216997629
0.0017563126679443417 2.30493897887518 -0.010456611515339498 -1.0740750933496086
0.001756312667926726 -2.304938978875357 -0.010456611515505837 1.0740750933404308
0.00022523480422906677 0.4118949373254606 -0.02099372764435601 0.8555781048358018
0.00022523480422752953 -0.4118949373260182 -0.020993727644366446 -0.8555781048652982
0.00021925256810444168 -3.141592653589778 -0.021065335170454346 -3.1415926535889764
0.0001717578183300979 1.6669689723623033 -0.024738234760290162 -1.8859649643618026
0.00017175781832883238 -1.6669689723613355 -0.024738234760843192 1.8859649644501546
0.00020450875761270822 -2.4542940815232446 -0.025796990007931623 2.777274770313685
0.0002045087576094634 2.454294081523349 -0.025796990008226564 -2.7772747703088374
0.00022945167474562944 0.5743912895064818 -0.029958080159290707 2.8126462699051276
0.00022945167473912656 -0.5743912895062839 -0.029958080159730525 -2.812646269900643
0.0001758854242737884 1.2334394733914291 -0.030221402239338335 -0.6516627713524353
0.00017588542427107782 -1.2334394733914686 -0.030221402239559585 0.6516627713497289
0.0001754579154031589 -2.8870770055385404 -0.030795569047693948 -2.592295568143386
0.00017545791540310793 2.8870770055386266 -0.030795569047758323 2.5922955681499023
8.32102968128243e-05 1.9632979641878299 -0.03718363325371099 2.673112039897264
8.321029681168779e-05 -1.9632979641877568 -0.03718363325397585 -2.673112039897504

0.045027398570555585 1.6091729560560368 0.21660679810906727 -2.7371251126344456
0.045027398580959895 -1.6091729560261354 0.21660679807471314 2.7371251125307965
0.012309754804129608 0.23674196934265004 0.10477112475432428 -1.7843913693701046
0.012309754803929528 -0.23674196934359776 0.10477112475372215 1.784391369360033
0.031580286302028 1.45355923999029 0.08941127708168015 0.5461698816120554
0.03158028630263378 -1.453559239996606 0.0894112770816351 -0.5461698818002745
0.0232476836850213 -1.5731305052665274 0.06722106308264501 1.0732782784186685
0.023247683683802072 1.5731305052565048 0.06722106308068898 -1.0732782789010953
0.0007378365645527743 3.1415926535859806 0.022828018599168172 3.1415926534160366
0.0021793313097356513 -1.9389709334018677 0.01209938985371439 -1.7637613678912585
0.0021793313095876117 1.9389709333996337 0.012099389852098118 1.7637613677719095
0.002169984793233099 -1.3215737715159537 0.008603826515098598 -1.5411666429242925
0.0021699847931943585 1.3215737715156795 0.008603826514712372 1.5411666429089446
0.0017635135522642328 -2.1895279282218714 0.0066007603768526504 2.524121933671738
0.0017635135522069394 2.189527928222415 0.006600760376309062 -2.524121933651122
0.001539675148388732 2.7571470643318348 0.006518025946738191 2.4676777603536477
0.0015396751483783926 -2.7571470643323215 0.006518025946603869 -2.4676777603806452
0.001105434977501041 2.86869750246018 0.005707580014413873 -1.4422178244046933
0.00110543497749929 -2.8686975024606154 0.005707580014358714 1.4422178243845056
0.0011304309752042153 -2.0775932510698807 -0.0021913312927873377 -1.859355022008209
0.0011304309751873104 2.077593251067799 -0.0021913312930507706 1.8593550218971098
0.0013822076449844997 2.343079053335735 -0.002352684846994767 2.147991017479762
0.0013822076449745754 -2.343079053336762 -0.0023526848473137602 -2.1479910175358414
0.001956557351059337 0.7132157260529961 -0.0033888116851505954 1.3089065347172213
0.001956557351043454 -0.7132157260531536 -0.003388811685362152 -1.308906534724151
0.0008108979031111363 0.6128903289170634 -0.003788683816527569 -2.4706037613801364
0.0008108979030950474 -0.6128903289170626 -0.003788683816991878 2.4706037613778986
0.02410108432955214 -0.031152227853471066 -0.0038386906660015105 -0.6427850194875332
0.024101084329530606 0.03115222785343766 -0.003838690666013455 0.6427850194862871
0.0006658060629502927 -3.0034317964577264 -0.010924652885176253 -0.3440864636328524
0.000665806062938191 3.0034317964578015 -0.010924652885503726 0.3440864636406921
0.0006004898184238617 -0.8801294833180061 -0.012504920036401624 0.4269929786701752
0.000600489818419874 0.8801294833179832 -0.012504920036530125 -0.4269929786712083
0.00107853941986249 -2.4245069833878516 -0.013131035797177837 -3.109275751869549
0.0010785394198381502 2.4245069833879427 -0.013131035797460977 3.1092757518707392
0.00029164093415878594 -0.29358480234175693 -0.02113717898814115 -2.6707252893709703
0.0002916409341541788 0.29358480234266804 -0.021137178988445943 2.6707252894191034
0.00015034857571853612 2.5781057242973473 -0.023581176065194526 1.9844549445026163
0.0001503485757155524 -2.578105724297359 -0.02358117606544631 -1.9844549445047686
0.0001565063735231401 -1.6977656286253997 -0.03250356552402828 -0.5437891497311439
0.00015650637346346864 1.6977656286222527 -0.03250356552862871 0.5437891495237228
0.00018634899800309287 1.0277451979910759 -0.03842488136215883 2.343187753127376
0.00018634899799763424 -1.0277451979900631 -0.03842488136249387 -2.34318775308182
2.9377426697773574e-05 -0.46961683458532055 -0.04092101242042815 -0.8136121732448962
2.9377426697398176e-05 0.4696168345860311 -0.04092101242065153 0.8136121732850115
1.025201031536104e-05 -1.1069841701890184 -0.07213108135480602 -0.24445956335027705
1.0252010313529237e-05 1.1069841701916612 -0.07213108135790593 0.2444595635289225
2.696506691766352e-06 4.6424019833932046e-12 -0.3879312247636724 3.141592653455406

0.04680001054056401 3.7324995300252505e-12 0.14835899215490106 -3.1415926535770313
0.005722981669582821 -2.126294422167243 0.14489251196164235 -2.740814044767476
0.005722981668293557 2.1262944221319837 0.14489251193961603 2.7408140444764015
0.018080471826760716 3.141592653577114 0.13294507543680997 -1.3159723741372365e-10
0.008922137505679936 -2.777754408419092 0.05998158190267651 -1.7949102386538722
0.008922137504976654 2.777754408414828 0.059981581900720206 1.7949102385198579
0.003990693686382611 -1.3894772772786737 0.03907008178338436 -1.6833136639093855
0.003990693686515131 1.3894772772715152 0.039070081781564237 1.6833136635991188
0.00274288113289839 -0.9980022391405377 0.017817836994815813 2.0210030914678683
0.002742881132666432 0.9980022391453035 0.017817836993312672 -2.0210030912546246
0.002131965141134225 3.0281012937279135 0.008289642823835984 1.7102038566723785
0.002131965140867674 -3.0281012937277128 0.008289642821635116 -1.7102038566647924
0.002096004060118274 0.294676320984899 0.005599831464650917 1.9073194814101477
0.0020960040587667396 -0.29467632098551827 0.005599831450712614 -1.907319481675979
0.001007968082123348 -1.1497770590271197 0.004715930762509653 2.975838865793767
0.0010079680819148635 1.1497770590242073 0.004715930758605951 -2.9758388659326376
0.0007443955372180427 2.4744063220371517 0.0036678737285494654 -0.4178240177685121
0.0007443955370434913 -2.474406322040325 0.003667873724029965 0.4178240176444506
0.0009854724094071725 0.8383541682851253 -0.0005051538555314596 1.8539550171381607
0.0009854724093297208 -0.8383541682880742 -0.0005051538570710051 -1.8539550172847854
0.0007519502955164446 0.6889973184863019 -0.002109522972904239 -1.204853923561417
0.0007519502953051523 -0.6889973184836121 -0.002109522979323316 1.2048539237241291
0.0008000550504638165 -2.3486046542320818 -0.0021871725466734225 -1.3901437373038212
0.0008000550503362999 2.3486046542271275 -0.002187172549939874 1.390143737087975
0.0011522048216300446 -2.625684894523454 -0.0027398642360920086 1.2609191444874424
0.0011522048216005003 2.625684894525059 -0.002739864236541969 -1.260919144399
0.0010711022821101506 1.5063791901555774 -0.005262300485906993 -1.1938901791638863
0.0010711022820782336 -1.5063791901565466 -0.005262300486374815 1.1938901791144931
0.02566107774371402 0.026457244013804955 -0.01256856826430768 -0.2973062622665551
0.025661077743349543 -0.026457244013701964 -0.01256856826457585 0.29730626227758206
0.0006027051427029511 0.3559654780912771 -0.015666586387405774 0.08956222415630874
0.0006027051423269449 -0.355965478098712 -0.015666586393941487 -0.08956222455285079
0.00029011855986630974 -1.6811207359532425 -0.018646893717076316 0.38519554564371905
0.0002901185598256921 1.6811207359557667 -0.018646893720204664 -0.385195545503841
8.894365850198291e-05 -0.5038281564421514 -0.03858957787671302 2.167753872776259
8.894365847622121e-05 0.5038281564382167 -0.03858957788027225 -2.167753872953856
5.4362219651745935e-05 2.880097207345399 -0.042430525274807 -0.8495270141629866
5.436221964018868e-05 -2.8800972073458118 -0.04243052527744576 0.8495270141143924
2.764356632344035e-05 -1.930296934897679 -0.05284428991905646 3.0318798981863853
2.7643566321229108e-05 1.9302969348832226 -0.052844289921461056 -3.0318798991403075
5.850683780761944e-06 2.2233027409372412 -0.10315354583584434 0.7715190697432824
5.850683780504512e-06 -2.2233027409406327 -0.10315354584926882 -0.7715190700674905
1.6034245625083596e-05 2.072060480824361 -0.11312457668152581 0.07295417941352415
1.603424562548296e-05 -2.072060480853478 -0.11312457669027061 -0.07295418048488049

0.016430591128115363 2.405592338577043 0.17584214071909732 0.8308759996141766
0.016430591128111616 -2.4055923385770663 0.1758421407190522 -0.8308759996143955
0.011165656215211326 -0.9185059408430137 0.07114886031630735 2.4752333575500525
0.011165656215215314 0.9185059408429743 0.07114886031629888 -2.4752333575521077
0.002412255153804602 2.0379724563917634 0.04862869666027819 -2.584223442052823
0.0024122551537949627 -2.0379724563917994 0.048628696660106274 2.584223442052028
0.0067928057373692575 -0.5236628819153052 0.0478769779723815 1.1421452663855158
0.006792805737350675 0.5236628819151581 0.0478769779723348 -1.14214526638479
0.00601525446134634 -1.135365760863346 0.04507058590109255 -2.6711160232391884
0.006015254461329692 1.135365760863356 0.04507058590103367 2.6711160232388624
0.0019891301305638895 2.9433879810286836 0.025845376156368498 -2.0942675224655365
0.0019891301305637534 -2.9433879810286734 0.025845376156365535 2.094267522465915
0.0027547290236198596 -2.7041331680866554 0.020315065464733485 0.4026018337388034
0.0027547290236178347 2.704133168086651 0.02031506546471921 -0.40260183373918434
0.0018587383940231377 -0.22656973314639514 0.011900631855329597 -0.9978247509525213
0.0018587383940173166 0.2265697331463887 0.011900631855247132 0.9978247509521557
0.002227153503929383 -2.116043826025643 0.008938396606455394 -2.837517409256762
0.0022271535039184004 2.1160438260257433 0.008938396606367123 2.8375174092608804
0.002099463840398563 1.9355858544077469 0.0031862006133041307 -3.129127053353113
0.002099463840397158 -1.935585854407726 0.003186200613291434 3.1291270533541846
0.002892337781084116 -2.3313769296436275 -0.001482442887386352 -2.6352118122955326
0.0028923377810840057 2.331376929643628 -0.0014824428873890124 2.635211812295567
0.0006623387964648376 -1.271677722411555 -0.003676065892646099 -1.832025525408955
0.0006623387964647196 1.2716777224115545 -0.003676065892647869 1.8320255254087199
0.0010061460563702196 0.70449193463678 -0.004674081483270811 -1.2529552322387119
0.0010061460563699394 -0.704491934636688 -0.004674081483284513 1.252955232243234
0.0005239328402723019 -0.5663304757879862 -0.012169395096079928 3.0469429246041604
0.0005239328402694404 0.5663304757883187 -0.012169395096134548 -3.046942924582677
0.009163216369387304 -0.05309950993739912 -0.013251226270247024 -0.4206259978240081
0.009163216369355607 0.053099509937442384 -0.013251226270328539 0.42062599782369486
0.000479072465224407 1.7590128293123128 -0.014896466723850324 -2.7858521496431696
0.00047907246522354674 -1.759012829312316 -0.014896466723891888 2.7858521496431212
0.0002632672407896749 -1.3964506568153847 -0.017151902237702576 2.7563072766365697
0.0002632672407895941 1.396450656815332 -0.017151902237707815 -2.7563072766390766
0.0006001906700764818 -2.7734569376343945 -0.0184560306528216 -0.1790595204716831
0.0006001906700764144 2.7734569376343963 -0.018456030652823564 0.17905952047192816
0.0002961927441189063 -1.5219125813512255 -0.02225639747040589 -2.6042976515933036
0.000296192744118886 1.5219125813512357 -0.022256397470408057 2.6042976515937153
0.00011817685786632107 2.491448698894803 -0.03212873414606117 -2.3351424670366465
0.00011817685786620033 -2.4914486988947857 -0.0321287341460816 2.335142467037332
0.00010389009785213695 1.643605799395481 -0.03894498188579854 2.615987073536465
0.0001038900978520956 -1.6436057993954345 -0.03894498188580473 -2.6159870735339483
8.578871769669041e-05 0.3769785185091171 -0.03999909310086386 -2.376635362003723
8.578871769651426e-05 -0.37697851850901876 -0.03999909310087368 2.3766353620090817
8.558639731483198e-05 3.092613374278571 -0.04676361492066217 0.5724657014545214
8.558639731467105e-05 -3.092613374278555 -0.04676361492069778 -0.5724657014536753
5.48179587704938e-05 2.0035681263436068e-13 -0.07958959485507956 -3.1415926535679404
5.048886243001646e-07 -0.9994448676025534 -0.09314220769783996 -1.4850033469261212
5.04888624294019e-07 0.9994448676024464 -0.0931422076979138 1.4850033469528718

0.004921652787938577 2.8120635144593953 0.07352165862863967 -3.1244673223301533
0.004921652787896391 -2.8120635144593704 0.07352165862811832 3.1244673223271135
0.0055340622042114535 0.7667606589542811 0.05216814367229427 -2.808327585997345
0.005534062204200593 -0.7667606589542313 0.052168143672246425 2.808327585998689
0.0031645912140471086 1.5778347321371666 0.030991807962461208 1.8464844635122282
0.0031645912140445824 -1.5778347321371802 0.03099180796245033 -1.8464844635129138
0.005090712851023013 -0.5943590047414963 0.029382207174000828 1.6717695634944352
0.0050907128510163865 0.5943590047414755 0.029382207173962987 -1.6717695634950551
0.0013954576166607473 3.141592653589791 0.0276823073085294 2.7360791186732637e-13
0.0016299312414043527 2.1690644134059096 0.01828337316019008 0.09998454988096937
0.0016299312413986253 -2.1690644134059243 0.01828337316010098 -0.09998454988133312
0.002430467701990082 -0.3603734760110316 0.015803562015660765 0.6127750917678618
0.002430467701986806 0.36037347601109915 0.01580356201564937 -0.6127750917662729
0.001222486118967724 1.3656030092492084 0.014770374440970296 2.05509211662747
0.0012224861189672129 -1.365603009249223 0.014770374440969958 -2.055092116628029
0.002172259153927258 2.6461306327950402 0.009055493203088124 -1.02810200595372
0.0021722591539235776 -2.6461306327950362 0.009055493203057092 1.0281020059539652
0.0017499638381546362 -2.3944884586445707 0.008714851787725665 -1.1274247507974555
0.0017499638381502107 2.3944884586444726 0.00871485178765354 1.1274247507935624
0.0008781737575154119 -2.487911133962722 0.008041331537460639 -0.48787556517737585
0.000878173757511068 2.4879111339627493 0.008041331537377147 0.48787556517627034
0.0011459953919353625 2.946665453956571 0.005617130764173557 1.857569703325209
0.0011459953919321047 -2.946665453956593 0.005617130764142742 -1.8575697033262875
0.0012660238414050635 -1.7142813973171103 0.003030503348374655 -0.6353965620317129
0.0012660238414045953 1.7142813973171087 0.003030503348371092 0.6353965620323064
0.0011779971310222881 -1.872436822527748 -7.199371425410297e-05 -0.3452516337357974
0.0011779971310337729 1.8724368225277592 -7.199371426809076e-05 0.34525163373613876
0.0008062578343367571 -1.9663906417755903 -0.0023880318849711785 0.13537763476946976
0.0008062578343354524 1.9663906417756039 -0.002388031884995988 -0.13537763476763767
0.0014299368873513928 1.499123234299249 -0.003644486837606738 -1.8677567938455442
0.0014299368873514219 -1.499123234299241 -0.0036444868376080655 1.8677567938458834
0.0007460887995861273 -1.2022095596353588 -0.006121396230534953 -2.5553917963514152
0.0007460887995863959 1.2022095596353752 -0.006121396230534953 2.5553917963525774
0.0010178825792070943 2.3097813434360903 -0.014017735514869482 2.254126245068258
0.001017882579206213 -2.3097813434361765 -0.014017735514897508 -2.2541262450733703
0.00023274370819699103 -2.7851500415762054 -0.01633377357238024 1.1089370204919111
0.000232743708194924 2.785150041576106 -0.016333773572465 -1.1089370204975375
0.035526622421224736 0.016225074401018322 -0.01786861745009054 1.1523453215313912
0.03552662242122474 -0.016225074401021916 -0.017868617450100793 -1.152345321530998
0.00028317937168324705 -1.1003704347369683 -0.02160267542695739 1.4642279765428077
0.00028317937168229355 1.1003704347369072 -0.02160267542702671 -1.464227976545849
0.0001806854770405301 -0.4342738815609799 -0.021988868114309053 -0.9764660285971386
0.00018068547703659315 0.43427388156112595 -0.021988868114694613 0.9764660286057043
0.00015674543177515105 -0.9301124551580054 -0.024525074289382786 -2.6942649274787094
0.00015674543177502382 0.9301124551580378 -0.024525074289408567 2.6942649274801194
5.1355997761998326e-05 0.6737063768418504 -0.03865728606259676 -0.7715275954088959
5.135599776140822e-05 -0.6737063768415975 -0.03865728606278731 0.7715275954248798
8.507771121123782e-05 -0.23235067008546645 -0.04020057574801804 1.5463535594105349
8.507771120953759e-05 0.2323506700855306 -0.04020057574843951 -1.5463535594112061

0.04093966007210014 -3.141592653526907 1.3140447663181498 3.1415926535280465
0.007024176448688455 -0.2672195434583005 0.06780409777022336 1.3393166262411407
0.007024176445043282 0.26721954344995574 0.0678040977574912 -1.3393166263209302
0.009328640107006781 1.0460810494054416 0.047450839663584106 -1.0060984029267726
0.0093286400981666 -1.046081049408978 0.04745083961159862 1.0060984027678053
0.0032498641648296025 -0.8134694031936462 0.035503537057429965 0.2104362019424835
0.0032498641640989947 0.8134694032028841 0.03550353704854548 -0.2104362014471224
0.0037849199457169872 1.2502757752602167 0.026540849981662288 -2.5879989706100393
0.003784919945176449 -1.2502757752675926 0.02654084997928111 2.587998970336266
0.0017348128610378212 -1.5092290333723508 0.011550395189076168 2.249709263732465
0.001734812860909381 1.5092290333630802 0.011550395185073815 -2.2497092641086596
0.0015373923447165574 -3.0737819643477167 0.009279433758178857 -2.9389824003398646
0.001537392344234373 3.0737819643600304 0.009279433752045622 2.938982400810169
0.0008657138186307869 2.8326411996015204 0.0025282674306184687 -0.4413663459832907
0.0008657138184959006 -2.8326411996029863 0.002528267427076907 0.44136634590125495
0.0012293777559813318 -1.0985702714277414 0.0019238303499778827 2.2863670799394273
0.0012293777524360044 1.098570271437825 0.0019238303104073102 -2.2863670801845384
0.0007845548339067309 -1.7719208591805906 -0.0005156546948022989 1.7620693508364478
0.000784554833878489 1.771920859172056 -0.0005156546961776 -1.7620693511664354
0.0010877595545816814 1.4063203192424378 -0.007317734324761613 -2.3662880037674574
0.001087759554118904 -1.4063203192430633 -0.007317734333102961 2.366288003671434
0.0008032084805917806 2.6567065551041877 -0.008466226736687755 -1.894205341739151
0.0008032084805302962 -2.6567065551055435 -0.00846622673800791 1.894205341690075
0.000786567565097845 -2.3685959765245923 -0.013181812533697821 1.4201753037826639
0.0007865675649647906 2.368595976516646 -0.013181812547876195 -1.420175304586376
0.0004899647358072175 -2.982170395839882 -0.01496775140102909 1.8672990946970953
0.0004899647356505836 2.982170395846077 -0.014967751408035955 -1.8672990942498284
0.00018649606584342888 -0.7136339827734215 -0.017715752615842222 1.0129657135886385
0.00018649606584354418 0.7136339827782866 -0.017715752617721982 -1.0129657134316077
0.00026623752507311764 -0.5207751092130333 -0.021475325903616643 -2.056679432536444
0.00026623752504858957 0.5207751091802646 -0.021475325907318592 2.056679430886287
0.0001689374823434611 -1.920369479013564 -0.02351575479452542 0.958543385331163
0.00016893748224131402 1.9203694789975159 -0.023515754806324774 -0.9585433859531625
0.00018391819152213746 -2.148581343371283 -0.02434549963738586 0.968768933637492
0.0001839181915057552 2.1485813433631207 -0.02434549964004135 -0.9687689340198052
0.00024468616532394684 2.5417867783275203 -0.024883436006320054 2.6850345821561072
0.00024468616530764933 -2.5417867783226935 -0.02488343600747143 -2.6850345818995596
0.00036611105064903446 0.4056750274649158 -0.024994136311004965 0.3942244503375135
0.00036611105031801746 -0.4056750274627549 -0.0249941363274534 -0.3942244502970109
0.00027406069999264454 -0.2320319325549977 -0.028918621625679358 -0.8467246578118365
0.0002740606999361638 0.23203193256706994 -0.028918621632754608 0.8467246585330073
0.0005292514144901712 -2.323051413593999 -0.029108385468401273 2.592094560933515
0.0005292514142380986 2.3230514136017755 -0.02910838547955013 -2.5920945601035306
0.028674527205423107 -0.00430675226630266 -0.03004669513039036 0.9353350093636256
0.028674527123271717 0.004306752275146523 -0.030046695148997455 -0.9353350132478322
7.437492653659822e-05 -1.651370279485825 -0.043868090293301916 1.6502669941476715
7.43749265310797e-05 1.6513702794746874 -0.04386809029396113 -1.6502669948307938
9.60250873177714e-06 -2.0158784914601218 -0.06865982861511791 2.1288726415375954
9.602508724492244e-06 2.0158784914372547 -0.0686598286280263 -2.128872643233575

