0.4939600211411456 0.01758837102189974 0.008885642618050854 0.5452538870380672
0.49396002112588305 -0.01758837102238151 0.008885642617895267 -0.5452538870539186
0.0002505945209285813 2.0078222643713755 -0.003758002116912717 -0.8659618989718522
0.000250594519174664 -2.007822264553051 -0.0037580021641529233 0.8659618929496025
8.295017544277291e-05 2.3849959015361715 -0.0421282211724839 1.5733075436137143
8.295017476690441e-05 -2.38499590072641 -0.04212822160984289 -1.573307514456622
5.3872756976986934e-05 3.1415926535686345 -0.06369493140270342 -3.4276840900490477e-10
1.3570195814215026e-05 -1.5272292595057972 -0.07407465973581714 -0.07756695537919632
1.3570195802280926e-05 1.5272292594135228 -0.07407465978202273 0.07756695191290398

0.027993034897874088 -5.702262972982565e-14 0.009017356361398506 -1.9974432233678994e-12
0.003168768916323727 0.2283719512198325 0.008395571003844379 -1.7534229139399842
0.003168768916223222 -0.2283719512218467 0.008395571002154031 1.7534229138748025
0.0010139055753979706 -2.662631506112074 0.0031547884577415937 -1.0815825254671945
0.0010139055753971512 2.662631506112127 0.003154788457732461 1.081582525469632
0.0005879416011230444 3.141592653589738 -0.01714721138936524 -2.893854261939742e-12
3.368538439458754e-05 1.6636258883544561 -0.047509341578775385 0.04576135784784245
3.3685384395302366e-05 -1.6636258883551553 -0.04750934157899538 -0.04576135789736373
0.0002769452166284647 0.18442793880250072 -0.061881111695238106 -1.30127423379877
0.0002769452166167763 -0.18442793880784134 -0.06188111170036909 1.3012742337145287

0.005273397864168711 3.14159265358979 0.02535975387024258 3.1415926535896657
0.02411126492485493 2.2299400797805066e-16 0.004266616269861683 1.0175675026245478e-14
0.0004570244848061601 -1.0555743705731102 -0.010286499405349753 -0.892194495898969
0.0004570244848064998 1.0555743705729772 -0.01028649940535305 0.8921944958938051
0.0005540483779725272 -2.331990249302206 -0.022744745920371033 -2.0549495699027025
0.0005540483779725169 2.3319902493022115 -0.022744745920371033 2.0549495699029627
0.00012699618194485818 -1.8722671750139923 -0.0328138734537403 -1.634598485204333
0.00012699618194471273 1.8722671750139241 -0.03281387345376115 1.634598485199904

0.00027147187304242683 -3.1415926535894156 0.010345287874733234 6.981409642163359e-12
0.0010798592586352945 0.8775629084870307 0.005283863530407464 -2.914513739586238
0.0010798592586307157 -0.8775629084867116 0.005283863530345074 2.914513739602442
0.378763331000944 -0.014963695898430532 0.0025611582966209427 -3.1159118002052093
0.37876333100113413 0.01496369589843006 0.0025611582966153772 3.1159118002051054
0.001224317372969248 -2.086400822201781 -0.0007535403166823042 -1.0325784153257997
0.0012243173729668325 2.086400822201873 -0.0007535403167242391 1.0325784153292263
0.0003308675817161337 -1.5140156959393947 -0.0165120937501664 -0.5024428184117672
0.0003308675817063614 1.5140156959395643 -0.016512093750768113 0.502442818424631

0.0015107127692766944 -3.1415926535713816 0.017708301846692497 -3.1415926529179914
0.0013800822495103485 -2.249207456898538 0.009504925553877715 -0.6817206336793258
0.0013800822409939639 2.249207456863323 0.009504925455171844 0.6817206330147654
0.1367986471065129 -0.014421795956986283 0.0017819380514305144 -1.4809555462682151
0.13679864710745437 0.014421795956576935 0.0017819380510858429 1.4809555462255763
0.001455236171477425 -0.9835806238424439 0.0010352300361109864 1.3797054510306124
0.0014552361712374129 0.9835806238426175 0.0010352300326109396 -1.3797054510112496
0.00015042350457724412 1.9552528417670596 -0.025229900778770343 1.3700365572790363
0.0001504235044194314 -1.9552528417745472 -0.025229900800322 -1.3700365578340519

0.002268649894565513 2.0661265921920275 0.016177785147460287 1.0233398307545518
0.002268649894496728 -2.0661265921918672 0.01617778514666989 -1.0233398307450718
0.0024588903999499885 -1.7985234652268494 0.014040608557647202 1.983791949003003
0.0024588903999270416 1.7985234652271027 0.014040608557423595 -1.9837919489902098
0.16168903060303452 -0.015401571338268586 0.0032958034848170194 -1.5143295606821952
0.16168903060309697 0.015401571338214097 0.0032958034847474014 1.5143295606760887
0.0008445573204466201 0.8936809597491772 -0.0018346075183480904 -2.440728255157442
0.000844557320216133 -0.8936809597505139 -0.0018346075236421264 2.4407282551030547
0.0013139412757672863 -3.1415926535887193 -0.13862512074409433 -1.0601359202442516e-11

0.12486428492803363 -0.024069885781829167 0.02261818287328375 -1.5395275238316712
0.1248642849278287 0.024069885781675536 0.022618182872907976 1.539527523816291
0.0020313904069404706 1.045352178327141 0.0008771847083613365 -0.1318283164273409
0.0020313904069388018 -1.045352178326984 0.0008771847083355567 0.13182831643487536
0.0006201259874148017 1.753544947577481 -0.011469145915546897 -1.819766308488636
0.0006201259874062333 -1.7535449475776286 -0.011469145915831164 1.8197663084835405
0.00034922326218111424 2.857723170737328 -0.02760229384220297 2.2479683397991193
0.000349223262139277 -2.857723170736478 -0.027602293845337342 -2.247968339737187
2.296871225563596e-05 3.1415926535866174 -0.06279364071005544 -2.738682257869929e-11
6.807738281949083e-06 -1.0097837585699424e-12 -0.08804542467769207 3.1415926534377556

0.005257499107606209 3.141592653421384 0.16846536161417525 3.141592652779197
0.0034511075643408394 0.9811491130898174 0.031241438595821885 -2.6048095678803214
0.003451107564107092 -0.9811491130816459 0.031241438594661882 2.604809568355721
0.0014876855744288505 -1.6918156865207754 0.02084894962833734 2.703219361933431
0.0014876855738464158 1.6918156865048568 0.02084894962376922 -2.7032193629111023
0.6121015514448899 0.010735867969264224 0.009565128775831558 0.821035270135725
0.6121015514767447 -0.01073586796856979 0.009565128775643583 -0.821035270082479
0.0023294248617566843 -2.286202998732143 0.0027391755799568325 -2.551069574034707
0.002329424861417437 2.28620299873264 0.0027391755770795907 2.551069574053276

0.001818694329296409 2.948474122577033 0.013167530276440943 -2.8134311197499167
0.0018186943229951155 -2.9484741226965925 0.013167530200403756 2.813431112732201
0.9305362510938765 9.815999126952291e-15 0.004700978755525453 4.4312279793745653e-13
0.010945423014473791 1.6188421585865431 -0.13303388709330025 1.490433637020437
0.01094542303761999 -1.6188421582486063 -0.13303388710044275 -1.4904336415302502
0.04544768898594788 1.1166433523560053 -0.30734955263373853 0.12413911017046654
0.045447689038882924 -1.1166433523580996 -0.30734955279245574 -0.12413911078312345

0.05887934277861272 -0.41140642824948465 0.0690503675494223 -2.3698820136017122
0.0588793427588283 0.4114064282407768 0.0690503675428328 2.3698820129697573
0.0031515323358953487 3.1415926535891407 0.015902511727206407 3.14159265356695
0.00031845616531987 1.7398552431676333 -0.015842554851506437 2.8398326245227743
0.00031845616528862003 -1.7398552431716463 -0.0158425548529301 -2.8398326247684222
0.0002241833129030851 2.115808748806154 -0.026702368542685415 -1.3189447545802597
0.00022418331290004518 -2.115808748806857 -0.026702368542916525 1.3189447545388782
0.0004971559600808144 -1.1536880409094302e-13 -0.05519145615227673 -9.798823599722601e-12

0.0018611073385735226 -0.7136711167634454 0.019225282131239498 -0.269826983903404
0.001861107334347417 0.7136711170230391 0.019225282003204638 0.2698269975634266
0.3814779262560474 0.014821022371470956 0.0046985252832908025 -3.064383404963036
0.3814779262399831 -0.01482102237208506 0.004698525283048638 3.0643834049560534
0.0012818561912952375 -3.141592652528443 -0.001049173366438739 -3.141592600503898
0.0003377118818277372 2.4519773793900077 -0.02396796823567413 2.3346290954087987
0.0003377118810460172 -2.4519773793070097 -0.02396796827580944 -2.3346290912140817

0.3747945321895298 0.01430649614070777 0.003118599873837157 -3.1324221258311886
0.37479453218868114 -0.01430649614073996 0.0031185998738196717 3.132422125831255
0.0006602685527066603 1.3831655595030194 -0.010579563459436881 1.7660573391518846
0.0006602685527037133 -1.3831655595030767 -0.010579563459543001 -1.7660573391546932
0.0009285936031208479 2.3183757715417266 -0.017484308943518465 -0.17201134878652896
0.0009285936031177467 -2.3183757715416307 -0.017484308943600507 0.17201134879097826
0.0001479415228514323 -3.1415926535869443 -0.023009829759251157 -3.1415926533756333

0.005293907331968763 0.6417933594943069 0.051335084736329875 2.916802165237998
0.0052939073393283775 -0.6417933594569557 0.05133508473403653 -2.916802161929702
0.00048316703052027446 3.1415926535784786 -0.005718278832479228 3.1415926529919127
0.07251137580471358 -0.01878984869114911 -0.0058021577036288415 -1.433226073387876
0.07251137580445657 0.01878984869122059 -0.005802157703638996 1.4332260733929971
0.0017532059834389705 2.2966923455622843 -0.00961600691182929 -1.6370841008044232
0.0017532059833861111 -2.296692345562584 -0.009616006912411637 1.6370841007882808
0.00020637236880634673 1.223084504414288 -0.026594820580818978 -1.0453404115643483
0.00020637236880082714 -1.2230845044157215 -0.026594820581359088 1.0453404115023777

0.0017095775630547117 -3.141592653447482 0.04765218133667212 -3.1415926452999923
0.0018526507642569869 2.2031383600419563 0.007633321569347028 -1.8890419289340916
0.0018526507624048356 -2.2031383600462897 0.007633321549571907 1.8890419287117988
0.022673722985740438 -0.036210294387263364 -0.004098334134730656 -0.9435293601205385
0.02267372298568288 0.03621029438668969 -0.0040983341348326 0.9435293600950281
0.0005865746583768571 -1.0488708063536933 -0.01898163437475771 2.9646011422720084
0.0005865746580455032 1.0488708063537542 -0.01898163438541698 -2.96460114228855
0.00030830843955330416 -0.9193766942036089 -0.019957322215529774 -1.4895217732435824
0.0003083084391652464 0.9193766942118374 -0.01995732223827342 1.4895217734772164

0.039420490160324916 -1.3724651408057137e-11 0.24293189558335415 3.1415926535577663
0.004498464111160864 -3.1415926535878262 0.10290760043948148 3.426962103540003e-12
0.004214960263028373 -1.479249347074935 0.02541936965279586 2.750625659657776
0.0042149602629706585 1.4792493470767427 0.025419369652126468 -2.75062565955909
0.000531140154518705 -0.8579989330684277 -0.010791491070470694 -2.7259363791032016
0.0005311401544661875 0.8579989330687753 -0.010791491072379112 2.7259363791034366
0.02017267923692664 -0.030997872330733246 -0.014341576986495163 0.07115987345818359
0.02017267923676646 0.03099787233073581 -0.014341576986652102 -0.07115987345898113
1.4046234238248456e-05 2.2258583824843527 -0.08242147426913844 3.104847263735717
1.4046234237553215e-05 -2.2258583824855336 -0.08242147427031765 -3.104847263733255

0.005454461010005844 -2.3489636332872372 0.016098079203460302 2.587239230076239
0.0054544610098939544 2.3489636332870205 0.016098079202981702 -2.5872392300937506
0.015353936551002055 0.058425713590766176 0.006345592641955795 1.1025902161703311
0.015353936550651539 -0.05842571359035439 0.006345592640896604 -1.1025902161493566
0.000655424685905408 3.1415926535894507 -0.01197758042954242 3.1415926535698224
0.00034688903580281527 1.2449597405809927 -0.014059153121321848 0.21244125797030874
0.0003468890357655514 -1.2449597405831223 -0.01405915312338781 -0.21244125807276082
0.0033023195398757753 3.7270561946899643e-13 -0.035579320882168794 -3.1415926535572747
0.00011518794501315839 1.7139225382732552 -0.03948937958913824 0.9747899190451901
0.0001151879450108372 -1.7139225382720265 -0.03948937958939011 -0.9747899189739034

0.0026953050046689677 -1.5250287295708036 0.00779816763722128 0.4423677210980791
0.002695305004593507 1.525028729570988 0.007798167636527329 -0.44236772109470107
0.039943484340617195 -0.016456816587293234 -0.016190031046174135 -1.243464675731484
0.03994348434069586 0.01645681658721168 -0.016190031046235964 1.2434646757251868
0.0004340903429252889 2.355585194953299 -0.026491421159703186 -1.2796172619503516
0.00043409034289944233 -2.3555851949534405 -0.02649142116095543 1.2796172619465516
0.0001203315510467867 -3.1415926535337833 -0.04199408716743387 1.8556884999647943e-09
2.025924881960104e-05 0.9212399189039863 -0.05933687368940401 1.3264380656244383
2.025924882140628e-05 -0.921239918900854 -0.05933687368955174 -1.3264380654608832

0.00810959309222834 -1.0312770026464078 0.09773658542184767 2.162726591906488
0.00810959309110621 1.0312770026527993 0.09773658540276674 -2.1627265918845002
0.0016160086485174318 -2.333836791032384 -0.012123399397210152 2.3761381812274944
0.0016160086484952275 2.3338367910342814 -0.012123399397476028 -2.376138181134454
0.0384964333176725 -1.1975448856028324e-15 -0.01959756567337584 -6.749887661292641e-14
0.00011934015826081182 -1.6241042136376092 -0.034518744737557415 -2.69325835348551
0.00011934015824821712 1.6241042136320727 -0.03451874473945004 2.693258353203862
7.382093856980873e-05 -3.141592653499414 -0.043319750720183514 6.041885868752081e-09

