0.01835677382023242 2.084145648947213 0.35165317319606315 3.1198964897558437
0.01835677382006461 -2.084145648957092 0.35165317318912903 -3.1198964897690264
0.04393811355771973 2.803273525166918 0.07280475460049006 2.4548495638039958
0.043938113555383136 -2.803273525167012 0.07280475459980013 -2.454849563804692
0.0041590538271215755 -1.9978108956514489 0.03530949972794592 1.6867166444502617
0.004159053826261133 1.9978108956487084 0.03530949972455972 -1.6867166445226798
0.00021975136200415193 2.0779009076054593 0.01750530927453486 2.8722032248240867
0.00021975136202520015 -2.0779009075967725 0.017505309273114212 -2.872203224761058
0.0016168744174332903 1.0319907167485842 0.014596452177140628 -1.132855915272869
0.0016168744174123787 -1.0319907167478253 0.01459645217684322 1.1328559153196458
0.0018583784434166935 0.8210220345162816 0.01092236589164108 2.766778832059866
0.0018583784433962975 -0.8210220345161261 0.010922365891458013 -2.766778832050008
0.5000878302178012 -0.017487591548137747 0.009223905024320217 -0.5536266561371622
0.5000878302163195 0.017487591548173042 0.00922390502429904 0.5536266561383402
0.0009881917225033226 -2.5148295788519572 -0.005526319368562888 -2.068174108241863
0.0009881917224863646 2.5148295788519297 -0.005526319368905381 2.0681741082446634
0.00035169752259738327 1.2861161395095277 -0.005644307084152847 1.5910732830043532
0.0003516975225940171 -1.2861161395102814 -0.005644307084460856 -1.5910732830479206
0.00026125035078062594 3.1415926535894285 -0.01970826877628781 -1.4416169771843545e-11
0.00014794926217077766 0.5229264962512138 -0.023730472814543872 -2.3508126772804903
0.0001479492621664999 -0.5229264962513023 -0.023730472815094203 2.350812677274937
0.001862627790419366 -2.0036397427336 -0.16743900820157423 -2.426307275397317
0.001862627790488329 2.003639742735371 -0.16743900820509136 2.426307275361741

0.005324802865063952 2.8957014852656875 0.06160167716224482 -3.1311204788388056
0.005324802865063064 -2.8957014852656893 0.06160167716224164 3.1311204788387994
0.002023346536595657 -1.034052815104742 0.039999196487156136 -0.44636951674754993
0.002023346536594936 1.034052815104749 0.03999919648715209 0.4463695167479871
0.005266490146635616 0.8235437061798956 0.029860750247864772 -3.0500200011660907
0.00526649014663483 -0.8235437061798878 0.029860750247861566 3.0500200011665797
0.0009068020049381236 -2.0621794894286283 0.022218751346288302 -0.5467237188798604
0.0009068020049378154 2.06217948942864 0.02221875134627797 0.5467237188801778
0.0024286869159977453 -1.8468991096011098 0.014613450439020365 2.339067844068585
0.0024286869159968953 1.8468991096010996 0.014613450439012817 -2.3390678440690658
0.0033264249275206967 -0.2548596441268857 0.01175903373196357 0.9375197220586912
0.0033264249275201025 0.25485964412689077 0.011759033731959863 -0.9375197220583922
0.027217480710018522 1.4558967665406906e-15 0.008696862464526781 6.927835270879096e-14
0.0015129695426856667 1.2974534135583755 0.002555918504734866 -0.16423198668940323
0.0015129695426854574 -1.2974534135583755 0.0025559185047317494 0.1642319866894033
0.0004898893040783603 1.6120359890204157 0.002179794419325159 2.4733350367120357
0.0004898893040783751 -1.612035989020414 0.0021797944193232676 -2.4733350367120384
0.000363612621764731 2.625232236916689 -0.018190932192464447 -0.6899549050662794
0.00036361262176473174 -2.62523223691669 -0.018190932192464884 0.6899549050662444
0.0004387209530690958 -3.1415926535897927 -0.02182833814974575 3.2634523632337676e-14
0.000146373541600559 -0.5303194863324803 -0.02251090245380972 1.2744725949496973
0.00014637354160054373 0.5303194863324798 -0.02251090245381363 -1.2744725949496274
0.000214837718618334 2.331459101791716 -0.031658110068083285 1.2314101999222407
0.00021483771861826077 -2.331459101791705 -0.031658110068091244 -1.2314101999216451

0.023850803016648617 -3.141592653589768 0.39447843843293384 3.1415926535897043
0.006224146726628015 -0.2664841178687099 0.034604234101168314 -3.044305859502628
0.006224146726625797 0.2664841178687089 0.03460423410116245 3.044305859502563
0.0011617871184462227 1.5234987412064394 0.01394275444099294 0.8379607430978595
0.0011617871184461891 -1.5234987412064411 0.01394275444099215 -0.8379607430979262
0.001378731350528702 -2.0691943175823617 0.009246442110537434 -1.0211885901569848
0.001378731350528601 2.0691943175823653 0.00924644211053609 1.0211885901570699
0.0009611518952506985 1.042782037159587 0.007112676605807236 0.4611530657471383
0.0009611518952503337 -1.0427820371595875 0.007112676605796278 -0.46115306574718273
0.024270618914632405 7.806085833785061e-16 0.00443259728808037 3.693220523080776e-14
0.0010974821724333381 1.320723305842507 0.0003612307675927708 1.3073660386847261
0.0010974821724333223 -1.3207233058425085 0.0003612307675915491 -1.3073660386848203
0.002056212657270839 0.7720146288174258 0.00029908450766536274 -0.9966318558493914
0.002056212657270437 -0.7720146288174262 0.00029908450766103156 0.9966318558493595
0.0007014049236512567 1.8492559333403897 -0.0007421332630049081 0.14057225341710566
0.0007014049236507894 -1.8492559333403966 -0.0007421332630204397 -0.1405722534175265
0.00042305314260349775 3.056933133287665 -0.0008213156718291841 -0.1331987683130191
0.0004230531426037673 -3.0569331332876817 -0.0008213156718300715 0.13319876831241884
0.0005027683437404196 -0.5848594657991686 -0.011726401721254321 -2.1011383288901104
0.0005027683437403908 0.5848594657991701 -0.01172640172125476 2.101138328890146
0.0002890554749543003 2.6161929110567783 -0.020369712024251616 -1.525650677800081
0.00028905547495427635 -2.6161929110567823 -0.02036971202425379 1.525650677799821
0.00043056697524381735 2.332956858044434 -0.027453781248063594 2.0548969035006874
0.00043056697524379323 -2.332956858044434 -0.027453781248064673 -2.0548969035006603

0.02970990704212605 -3.1415926512939953 1.685781084446327 -3.7578432719966107e-10
0.0003556191841620399 3.1415926524672715 0.03934525081049229 3.863458369190221e-08
0.004485358984940944 2.216688669222608 0.035006058406181054 -1.3637302039718184
0.004485358982924174 -2.2166886692286187 0.03500605839649626 1.3637302037123527
0.003864802027887526 -1.745895367300799 0.031170334217788236 0.9654794370795181
0.003864802024635288 1.7458953673073963 0.031170334199472786 -0.9654794367016556
0.9517505736633752 2.831163888689135e-13 0.015411388618427089 -3.1415926535795156
0.002152005371739628 2.614129580478498 0.013306167713202071 -2.2967666324697467
0.0021520053706842483 -2.6141295804174978 0.013306167700371716 2.2967666354475504
0.0005431310008374839 -1.5151328998332287 -0.00560829643301209 -0.5597443395559404
0.000543131000042972 1.5151328998085511 -0.005608296463264723 0.5597443382349125
0.00023785282265973 1.0102313580564113 -0.010028692571968947 -1.2167648493926386
0.0002378528221983576 -1.01023135804396 -0.010028692599066377 1.216764850421441
0.0002949112949629443 -1.3483210194828028 -0.024805619578486114 0.14170709823746794
0.00029491129489942305 1.348321019481761 -0.024805619583870467 -0.14170709824091443
0.00017199316349411105 0.48034412621376144 -0.036047896864343267 2.7395651585672423
0.00017199316336015912 -0.4803441262180952 -0.036047896879219984 -2.7395651583058562
0.0002534329988653901 -2.3896705307426824 -0.03865981157592037 1.6179080403132051
0.0002534329985436071 2.389670530813295 -0.03865981159910971 -1.6179080385350688
0.10382393568045574 -1.396179735747763e-10 -0.46571836336187716 3.2214150131671045e-11

0.00754211653118878 1.3378910844219036 0.10061670461118474 2.7750708709733
0.007542116531185676 -1.337891084421906 0.10061670461114791 -2.775070870973269
0.9712641672611332 -0.3454741544779902 0.09019414446945616 -0.5091926514814352
0.9712641672556251 0.345474154478009 0.09019414446939468 0.5091926514830846
0.03515501185923203 2.235529538403845 0.06527171073217207 0.0031356651914250322
0.03515501185856499 -2.235529538403817 0.06527171073192155 -0.0031356651911616283
0.00634973426975039 -2.8987357086584673 0.03953333601151065 -0.7276725086560156
0.006349734269748726 2.8987357086584415 0.03953333601150834 0.7276725086546236
0.001573727274442413 2.6158153124964967 0.0034411119609080863 -0.050065811984791174
0.00157372727444188 -2.6158153124965136 0.0034411119608993967 0.05006581198396799
0.001652309406922618 -2.304234324551289 0.0004872177072738586 -3.030995724914223
0.0016523094069194357 2.3042343245512855 0.0004872177072467559 3.030995724913735
0.00127087728460935 -0.9717713629569613 -0.000845122832618467 1.9847402142298858
0.001270877284609325 0.9717713629569598 -0.0008451228326202419 -1.9847402142298856
0.09815558544615122 0.01768379506142327 -0.0015778150421906884 1.4297081378100276
0.09815558544614815 -0.017683795061425707 -0.0015778150421922404 -1.429708137810129
0.0006301267019767326 1.8985890684815188 -0.0020970886501280165 -2.9002052526106707
0.0006301267019765535 -1.8985890684815196 -0.0020970886501337775 2.900205252610468
0.000549393634768756 -3.1415926535897785 -0.007623612884164538 -3.141592653589215
0.0007201483839199855 -1.5338809189441405 -0.009461235884746112 -2.0076457744196787
0.0007201483839199581 1.5338809189441345 -0.009461235884746332 2.007645774419404
0.00018225249449984742 0.6674635446219384 -0.02672114336020027 2.094207109363446
0.00018225249449973157 -0.6674635446219295 -0.02672114336021216 -2.0942071093630332
0.005239642480797225 -6.213739532343635e-16 -0.35723956607781243 -4.955984768537857e-13

0.005229031585218448 -0.43495796165535466 0.0484925556236723 -2.375571813742837
0.005229031584276993 0.43495796165408523 0.04849255562053543 2.3755718137031407
0.002813331078287937 -2.8739225158356376 0.037212020550795734 -3.0173763803422693
0.0028133310784894433 2.8739225158417723 0.037212020549040416 3.0173763805796665
0.0013948154743435646 -2.3697579359182983 0.03277096361692772 -2.6498389408565104
0.001394815474243169 2.369757935920565 0.0327709636124224 2.6498389411259136
0.003900831908779565 -1.8061987266178572 0.02431816664971641 1.6865511883403497
0.0039008319087364724 1.8061987266175419 0.024318166649478095 -1.6865511883572248
0.16935022810871703 -0.01473599680545401 0.0036140210834715537 -1.512969661027507
0.16935022810859324 0.014735996805380194 0.0036140210833050857 1.5129696610160321
0.0014099511553567173 1.0740567789149045 0.0026891068190321096 -0.14823260731458682
0.0014099511552580941 -1.0740567789160502 0.0026891068173673003 0.14823260725931714
0.0006645637962734643 -1.3041670438826543 -1.5005214619555812e-06 -2.154928436744429
0.0006645637962618274 1.3041670438837034 -1.5005215445560503e-06 2.1549284367989245
0.0009174337097182069 -2.052663687908073 -0.005183554839782772 -0.37606753859344544
0.0009174337097070537 2.052663687907571 -0.0051835548398616324 0.3760675385709866
0.0004604724843696325 2.653966336360685 -0.005299180225908155 1.1077566479229832
0.0004604724843608226 -2.6539663363502854 -0.005299180228041769 -1.107756647453433
5.2076846860735564e-05 0.8263752500632667 -0.04495141342341896 0.1057831821384275
5.20768468525996e-05 -0.826375250063822 -0.04495141342606042 -0.10578318218582923
5.274829120576213e-08 -1.5371215069443542 -0.08741891100048506 -2.6011828496765723
5.274829113858126e-08 1.5371215069411928 -0.08741891100131699 2.601182850256752
0.0004056064112221241 -3.1415926535734457 -0.14286516278692138 2.0622522098782817e-09

0.008865625925074326 -1.461712404600024 0.059862612619182944 1.006938375502707
0.008865625925059038 1.4617124046000285 0.05986261261916432 -1.006938375502324
0.0017996666626712828 -2.6220084115994804 0.021618503668219997 -1.0132224165782417
0.0017996666626710915 2.6220084115994755 0.02161850366821637 1.0132224165780437
0.09079093711798693 0.027962201880432046 0.01755808089134405 1.501620332926123
0.09079093711798843 -0.027962201880427855 0.017558080891340096 -1.5016203329259172
0.0017784553945217416 0.5136189205472721 0.013532680542730905 -1.908888603326243
0.0017784553945216417 -0.5136189205472756 0.01353268054273068 1.908888603326147
0.0008235853189522692 -2.0689247099060433 0.013300463953086723 0.025799733469860593
0.0008235853189522083 2.0689247099060393 0.013300463953084134 -0.025799733469954345
0.0027006521086772447 1.05095971603742 0.005805129187211891 0.12901112205891335
0.002700652108677152 -1.0509597160374182 0.005805129187211332 -0.1290111220588332
0.000949763218353125 2.8752994042129636 -0.0018295760997215841 -3.0531419784754985
0.000949763218353155 -2.8752994042129614 -0.0018295760997218058 3.053141978475704
0.0005063520787127626 1.8293731084287495 -0.012590804914412937 1.3697607937942153
0.0005063520787126055 -1.829373108428758 -0.0125908049144182 -1.3697607937946206
0.0003288027603062407 2.33578249491351 -0.02411410238176948 2.5045357850944945
0.0003288027603056077 -2.3357824949135146 -0.02411410238180611 -2.5045357850945718
0.000238576313421078 0.860674331412594 -0.027861459388702714 0.47002950331754334
0.00023857631342107336 -0.8606743314125952 -0.027861459388703796 -0.4700295033176145
1.030824559192927e-05 3.141592653589792 -0.0814379336504247 -6.13354874800239e-14
1.199488613331017e-05 2.755806925656668e-15 -0.12935898813131852 3.141592653589424
0.008998544717231494 1.282405730301061 -0.14242468844362355 -0.22132422221912595
0.008998544717232002 -1.282405730301088 -0.14242468844365935 0.22132422221897008

0.08596210719906947 -6.470552096409335e-10 2.885025636226388 3.141592653557056
0.000362310045687159 -3.141592653576904 0.13583606192309702 -3.141592652456299
0.0026197838312579888 -1.074254527162825 0.022546293598353376 -1.925925907944337
0.002619783831103994 1.0742545271619806 0.022546293597277906 1.9259259079042632
0.002689353526793118 -0.4863586513345714 0.018578321673698668 -3.123889441780562
0.0026893535262606477 0.486358651332309 0.018578321669756873 3.123889441685246
0.003596165821856247 2.257362985805881 0.015744541553451778 1.133799040808469
0.0035961658216134154 -2.257362985805546 0.015744541551882273 -1.133799040826657
0.000948371665473096 2.881892968576772 0.009731119751488151 -1.1129851798141825
0.000948371665367917 -2.8818929685762544 0.00973111974996113 1.1129851798311323
0.9337607595546131 -1.8239614574418225e-14 0.005373817969835966 -6.764008518319941e-13
0.0011071346985261255 1.4025982119861398 0.0021598852352643586 -2.773216287322939
0.001107134698349904 -1.402598211987601 0.002159885231715757 2.77321628727823
0.0001401881837969539 1.8302140901307151 -0.033416813381355416 -2.9189933794001672
0.00014018818377048995 -1.8302140901312796 -0.03341681338410461 2.918993379393675
3.6391443234228526e-05 2.603137366686558 -0.05157096914535121 -1.0638863731573254
3.6391443217438775e-05 -2.6031373666764175 -0.051570969150858445 1.0638863735943125
5.4358950692744834e-05 2.380427182098461 -0.08384176782602688 -0.1536316535286469
5.435895068106557e-05 -2.380427182076139 -0.08384176784323188 0.15363165398205172
0.0018864651920251954 1.7553541442006362 -0.15959940169340803 -2.591605027156032
0.0018864651927425864 -1.755354144159 -0.159599401696692 2.591605026528727
0.05091150504290621 1.9282398836635864e-11 -0.29341981050584304 3.1415926535368994

0.02338415306379853 3.141592653589354 0.17732078766266166 -3.141592653576955
0.002498699511643698 1.7950722693551224 0.03164041225586792 -2.2856199767435923
0.002498699511584746 -1.795072269354398 0.031640412255839155 2.285619976763445
0.00023385736466611745 1.21975631284895 0.01850126023721664 -0.6937618287888629
0.00023385736463221298 -1.2197563128532432 0.018501260234556182 0.6937618287813672
0.9244726041904971 -2.3762593783639492e-15 0.0045510866929415065 -1.0883016000771058e-13
0.0011041581108772259 -2.9821133434915383 -0.002293397915614085 1.0818382377804467
0.0011041581108615786 2.982113343491197 -0.0022933979158996447 -1.0818382377971816
0.0004976845331663286 -2.3178586598811313 -0.007905689248261807 -2.904689972632251
0.0004976845331500755 2.317858659880717 -0.007905689248898904 2.9046899726282103
7.98088485929884e-05 -1.5701088651721176 -0.009138679893718594 0.4971715606066706
7.98088485919704e-05 1.570108865173422 -0.009138679897730304 -0.49717156079640384
0.0002630734268804556 -3.1415926535892256 -0.018178181755539504 -3.141592653562368
0.00019996477596221287 0.8511143571288085 -0.022956829179344242 0.1755647557587185
0.00019996477595852282 -0.851114357131387 -0.022956829179719012 -0.1755647558912959
5.350066156959171e-05 -0.5122931270581896 -0.051286337540273244 -0.1990928917066901
5.3500661568254375e-05 0.5122931270579372 -0.05128633754142626 0.19909289171568587
2.9927066972186226e-05 1.973245594979517 -0.06714937996920144 -3.018361736780732
2.992706697112333e-05 -1.9732455949792347 -0.06714937997358252 3.0183617367856366
0.017110764751471712 -2.472978977564723 -0.16297457926828784 2.117980715660394
0.017110764751573034 2.472978977564022 -0.162974579278047 -2.1179807156400203
0.21219362850545467 1.0840219650324774e-12 -0.8514430854075421 -3.141592653588597

0.016939557122465154 -0.4611051235687772 0.051990203841535305 3.067332182366854
0.0169395571224606 0.46110512356892086 0.05199020384153051 -3.0673321823551922
0.0023276605356437464 -1.739005053511142 0.024313531528088163 2.8532677262457486
0.0023276605356428314 1.7390050535112054 0.02431353152806598 -2.8532677262424766
0.0035223355748647553 -3.1415926535897887 0.018825826563309226 -3.141592653589619
0.0020073370211432674 -1.036875048265946 0.017172390416140545 0.13804710404448392
0.0020073370211424668 1.0368750482659626 0.017172390416131958 -0.13804710404343595
0.0010662074567284081 -2.5912653309814275 0.013809318667821728 -0.06065484273791497
0.0010662074567285354 2.5912653309814564 0.013809318667819476 0.06065484273903511
0.0008603733972484519 -2.189472704263571 -0.0025749267864042342 -2.6142472048615666
0.0008603733972480411 2.189472704263585 -0.0025749267864159722 2.614247204862262
0.0007541703411157433 -1.2682309844460635 -0.00820287357757511 -0.7103015806070982
0.0007541703411152794 1.2682309844460524 -0.008202873577592728 0.7103015806064419
0.0007654575053209083 2.8227102937355437 -0.010659581625303631 -0.1406746499480358
0.000765457505320253 -2.822710293735541 -0.010659581625324942 0.1406746499481876
0.0002714429360288566 -1.5541321925938294 -0.015234763413845267 -2.2387805451952683
0.0002714429360285202 1.5541321925937677 -0.015234763413885724 2.238780545191726
0.00045681744715338326 2.2830287418672737 -0.018947864978577117 2.036212298436669
0.0004568174471528239 -2.283028741867245 -0.01894786497860174 -2.0362122984351236
0.0006085664343484801 -2.995411469137289e-15 -0.05494809784571444 -2.7988806685449455e-13
2.682644429009739e-05 0.7050657030899544 -0.06767240938546254 -1.322392455818543
2.6826444290035602e-05 -0.705065703089921 -0.06767240938553973 1.3223924558193112
0.002102908359938121 -0.31267459629004857 -0.2793085954264179 2.576411065642048
0.002102908359946142 0.31267459628966393 -0.27930859542657377 -2.5764110656418313

0.006693588063801483 2.8892948796030518 0.04483041355212948 -2.0996893759888065
0.0066935880637994 -2.889294879603051 0.04483041355212646 2.0996893759888198
0.0011548462790100715 -0.6707578329351795 0.032790834971534066 1.2474200383527576
0.001154846279011812 0.6707578329354109 0.03279083497145984 -1.2474200383486138
0.002197576222281855 2.6351625877322875 0.02589089182997126 -0.8530801673317606
0.0021975762222822322 -2.635162587732299 0.025890891829969665 0.8530801673312043
0.0006477760765594502 0.45341996405080986 0.019303355173181862 2.766654276494657
0.0006477760765424086 -0.4534199640505437 0.019303355172422494 -2.7666542764695907
0.0022249052175156475 3.1415926535897913 0.009489438207403332 3.141592653589689
0.0007506485429888269 -1.2945286430294163 0.006841641908865192 -2.6886712891068
0.0007506485429865488 1.2945286430294671 0.006841641908817237 2.6886712891096125
0.38020398946158107 -0.014874554724340105 0.004588707269767938 3.06435643376524
0.3802039894607993 0.014874554724350612 0.0045887072697507626 -3.0643564337651608
0.0012483758518607114 -1.0545092629247292 -0.00028538086524084995 -2.549885865783087
0.0012483758518572565 1.0545092629247192 -0.0002853808652925716 2.5498858657817154
0.0006797236667960367 2.1494181396893564 -0.007617111477529636 -1.0534261102391305
0.0006797236667956631 -2.1494181396893626 -0.007617111477539773 1.0534261102387839
0.0005079641825080083 1.8279866485221559 -0.01480528149399715 -0.8713140820873155
0.0005079641825076172 -1.8279866485221534 -0.014805281494013122 0.8713140820875128
0.0004416326478112124 1.5375157025535493 -0.021149521116819434 -0.33066104032698257
0.0004416326478110778 -1.5375157025535726 -0.02114952111682465 0.33066104032574845
0.0006250511957325084 2.310013160330222 -0.02519914773145578 -0.13251500947333336
0.0006250511957324027 -2.3100131603302354 -0.025199147731457726 0.13251500947266867

0.08827845992452125 -7.722796841516971e-11 0.6067386219097618 1.8695345112326112e-10
0.01480486338183119 -3.141592653571473 0.09877778708794024 3.141592653569705
0.8910078994028625 2.072698369505461e-13 0.012939849211629476 -3.141592653580858
0.0019449736554169237 1.3532002818099116 0.011024904943510395 0.3191294087150485
0.001944973654902962 -1.3532002818038205 0.011024904937543583 -0.31912940840943316
0.0007719615245316305 1.0862085623998325 -0.00424429324745603 2.85061687306572
0.0007719615245121101 -1.0862085624160063 -0.004244293248071584 -2.8506168738256714
0.00028652920372775395 0.7232467732450202 -0.005016777498448537 1.1599308961309391
0.00028652920163759035 -0.7232467729261447 -0.005016777593250416 -1.1599308765483016
0.0004917803575035265 -2.6369265689363166 -0.015066723603402978 2.845497518273523
0.0004917803574948566 2.636926568935358 -0.015066723603715535 -2.8454975183223796
0.000986394923442857 2.309731259988648 -0.016021592460745616 -0.5662962443406339
0.0009863949234304433 -2.3097312599884887 -0.016021592460964133 0.566296244347416
0.0001716325173235601 3.1415926535886793 -0.020093319549509357 3.141592653484593
8.360949889034996e-05 -1.5900875131878802 -0.02077705081860482 -0.8644318791884005
8.360949885811862e-05 1.590087513173936 -0.020777050826853573 0.8644318785496126
0.0003901354605210161 2.0604202104578078 -0.022417690968380994 0.9178227959427845
0.00039013546050425523 -2.0604202104603546 -0.02241769096937498 -0.9178227960330448
0.07444636081160783 1.9147169023759865e-11 -0.18618742369103497 -3.6520471718259686e-10
0.019931963302243415 3.1415926535890213 -0.30009000801466496 -9.230075330721952e-11
0.055921414213384736 -0.8688601464586054 -0.6765624407966118 -1.4527567021858705
0.05592141423415768 0.8688601467093294 -0.6765624413200819 1.452756699808105

0.07016667558117821 0.7636554379948448 0.08297805414549349 0.8300636792290423
0.07016667557291698 -0.7636554379942002 0.08297805414410132 -0.8300636791541826
0.05385373456691405 1.8189945420040037 0.07664854672684696 -1.656529825428593
0.05385373456690419 -1.8189945420038853 0.07664854672683628 1.6565298254378205
0.043736522769993964 -0.6072656404402955 0.06448334228351345 0.3052138555891639
0.043736522763054876 0.6072656404404168 0.06448334228147655 -0.30521385558390784
0.0007273922572416813 1.527244568150918 0.01718876942572955 -0.18030584668980026
0.0007273922572414728 -1.5272445681511126 0.01718876942562349 0.18030584668489497
0.0017061002946204278 -2.6404929454014265 0.011531562326730438 -0.08785008625954564
0.0017061002946203694 2.6404929454014847 0.011531562326721565 0.08785008626239174
0.0024045952164886784 2.282422842297996 -0.003364241685896729 -2.392447696806462
0.002404595216486758 -2.2824228422979833 -0.003364241685909786 2.392447696807052
0.0007172924316488793 -2.10029761736925 -0.007173991801520344 2.3870370443397735
0.0007172924316482099 2.1002976173692716 -0.0071739918015412876 -2.387037044338767
0.07064407010382855 2.1853432971544268e-15 -0.015935167178869912 1.146611015071189e-13
0.000147229538012153 3.141592653589776 -0.03193273234841835 3.1415926535891665
0.00012065475944348553 -1.2543929582679592 -0.03403540944010264 -0.25649445935440096
0.00012065475944343671 1.2543929582678979 -0.034035409440132045 0.2564944593513726
8.727308537989424e-06 2.910046191069107 -0.06234849131848215 -1.8557104501316608
8.727308537932741e-06 -2.9100461910691715 -0.06234849131857123 1.8557104501241561
0.002481597516281871 0.5007699262987272 -0.09762512224563918 2.158099517652153
0.002481597516310303 -0.5007699262976125 -0.09762512224592396 -2.158099517667623

0.005688724919834355 1.5573351596861778 0.037521871422090146 -2.0323695590994952
0.005688724919831517 -1.5573351596860903 0.03752187142207032 2.0323695591031155
0.0005462125605087536 3.1415926535895573 0.019098762435000582 3.141592653579288
0.0020922852464368867 -2.8732010593080197 0.018800837669636302 1.3098554807421516
0.002092285246434457 2.8732010593081294 0.018800837669603495 -1.3098554807364895
0.003224292067397567 -0.7043265157453009 0.008403365372394306 -0.8904255920588794
0.003224292067390002 0.704326515745437 0.008403365372339669 0.8904255920643189
0.0016114991061075828 -1.9274768140211054 0.00567027379218058 -1.2120823291775518
0.0016114991060988053 1.9274768140210865 0.005670273792073727 1.2120823291767944
0.028455966159478156 -0.03751288843955351 0.0022218962437648947 -1.0804101945409796
0.028455966159379106 0.03751288843942482 0.002221896243593095 1.080410194537335
0.00023592091290719486 0.23195117353185063 -0.0001320017096973352 2.155994505151746
0.00023592091294745852 -0.23195117353571326 -0.0001320017122136566 -2.155994505262399
0.0016064244710213848 2.3485960260388605 -0.001097468835783616 2.527319396902622
0.0016064244710144327 -2.348596026038779 -0.0010974688358614682 -2.5273193968983776
0.0008339194904045918 1.3146820518820395 -0.0057034769936896755 1.1518598455482172
0.0008339194903999758 -1.314682051882125 -0.005703476993800066 -1.1518598455525
0.0002982952871520469 2.582674180600527 -0.01282751213322556 2.0681824627196095
0.0002982952871465388 -2.582674180600571 -0.012827512133609843 -2.0681824627208583
0.0004847736384931616 -1.055736055787929 -0.022118549238037837 2.6210605842319934
0.0004847736384902007 1.0557360557879572 -0.022118549238156857 -2.621060584231174
0.000378369777167302 2.063225608292285 -0.02827190822451215 1.4538686809495525
0.0003783697771651648 -2.063225608292194 -0.028271908224637345 -1.4538686809469537
4.136862596039931e-05 -5.973471742094991e-12 -0.19049527686306308 3.1415926530524705

0.035299642915186114 -5.47867471812286e-14 0.2713508652541749 -3.1415926535897625
0.004915124141172804 -3.141592653589791 0.09365389322748563 4.290232168501156e-14
0.003218997168498179 -1.3634237622554721 0.028039064241827113 -0.49350893393491696
0.0032189971684960478 1.3634237622554721 0.028039064241815695 0.4935089339348369
0.002974312925125654 1.0332921906781807 0.023390754496389072 -0.39343516448078614
0.002974312925122644 -1.0332921906781787 0.023390754496366798 0.39343516448100696
0.0016233964174452757 -2.8537298870275865 0.01198054741419835 2.4974258151579343
0.0016233964174451035 2.853729887027588 0.01198054741419599 -2.497425815157883
0.0017139838970851018 -1.5029336217658682 0.003485813909450988 1.4102179895024192
0.0017139838970834304 1.5029336217658618 0.0034858139094305998 -1.4102179895027014
0.00033354958612086835 2.111111593562363 -0.009284422535189879 3.1366074213090003
0.0003335495861204277 -2.1111115935623683 -0.009284422535213858 -3.1366074213095247
0.0008851040863377066 2.616895702979987 -0.00991376494646624 -1.6198332603387737
0.0008851040863374507 -2.61689570297998 -0.009913764946473055 1.619833260339034
0.019110847467225765 -0.033249780231485566 -0.014436384578397698 -0.0367107621458473
0.019110847467224284 0.033249780231486156 -0.014436384578399011 0.036710762145888726
9.427916377482805e-05 -1.8366190018876616 -0.025598160504756183 2.2285492373684574
9.427916377474383e-05 1.836619001887661 -0.025598160504771334 -2.22854923736828
0.0003349514323668858 0.836445652709903 -0.026198916069232966 1.6433615207995143
0.0003349514323668112 -0.8364456527098814 -0.026198916069240536 -1.6433615207986993
0.00020474755923863633 2.3231092950057453 -0.029884938289780418 0.13824544157019483
0.00020474755923858434 -2.323109295005754 -0.029884938289786667 -0.1382454415706332
0.002172537518372803 -0.37458874946807635 -0.1322184731837014 0.000744609752918214
0.0021725375183750486 0.3745887494681518 -0.1322184731837868 -0.0007446097542926314

3.504675406394797e-05 3.141592653588542 0.65799310159845 -2.5230722242675967e-11
0.01797915637640932 -2.1267017109777977 0.05383664120693606 2.99602570686101
0.01797915637636389 2.126701710977576 0.05383664120691486 -2.9960257068730805
0.003206131241248721 1.1403710870127084 0.034024968822161335 -2.8839835971797063
0.003206131241241648 -1.1403710870127028 0.03402496882211436 2.883983597179964
0.004006353576959542 1.7328339921698923 0.022247779269482987 2.0375887501706598
0.004006353576895746 -1.7328339921699913 0.0222477792692354 -2.037588750177289
0.017634983896396932 -0.0619027182512908 0.012237900216234016 -1.4016131378324044
0.017634983896392495 0.0619027182512184 0.012237900216195016 1.4016131378303929
0.0007107154163733285 -0.44027290881432324 -0.009055092907574258 -2.606750497507582
0.0007107154163702093 0.44027290881424386 -0.009055092907680758 2.6067504975065825
0.00042801300589458775 -0.6851159576603257 -0.016205695095498636 1.8823276250805738
0.0004280130058935414 0.6851159576603352 -0.016205695095559153 -1.88232762507939
0.00045931742786296803 -2.5943696816844493 -0.016284460421988597 -1.3547701525193325
0.0004593174278592804 2.594369681684391 -0.016284460422158777 1.35477015252132
0.0003376675549756313 1.6176971929737278 -0.017824296844302777 1.0206527444089344
0.0003376675549738957 -1.6176971929736332 -0.017824296844406166 -1.0206527444036273
0.004490043930293408 2.353379105552695e-15 -0.03195950737905323 3.1415926535890657
0.00044116640079603747 2.3366986191999 -0.04186151332244646 2.732381480215931
0.0004411664007959098 -2.336698619199792 -0.041861513322463705 -2.732381480211553
6.500437822610497e-05 3.1415926535896874 -0.06410377445208176 3.1415926535860916
5.552271881891314e-06 1.3634938961345935 -0.07082779015988053 0.2743794610647927
5.552271881854338e-06 -1.3634938961345264 -0.07082779016000919 -0.27437946105852895
0.0029371229395449413 -3.141592653589618 -0.11091524595269642 1.171385504044028e-12

0.07896781591995058 -0.8009703359238607 0.08769258135773163 -1.2682183796766355
0.07896781591982138 0.800970335923907 0.08769258135771708 1.2682183796804793
0.0013871809112222927 -1.3357380915608787 0.022219326474010027 -0.6293785576166193
0.0013871809112191691 1.3357380915608565 0.02221932647397336 0.62937855761588
0.0008792647537297372 3.1415926535897696 0.018226649935121412 -8.95349827987555e-13
0.002570990282227569 1.5274523284434318 0.006347263452068536 -0.35670179044365435
0.002570990282226163 -1.5274523284434371 0.0063472634520574745 0.35670179044341854
0.11370664175586054 -6.6173885892315764e-15 0.00449565178299579 -3.141592653589624
0.0016934851833642639 0.5991927243648393 0.003059424950409138 -1.2892243493637547
0.0016934851833640256 -0.5991927243648509 0.0030594249504018994 1.289224349363446
0.0005803571746389358 2.4572140552730395 -0.006598131498894753 -2.2327311247224233
0.0005803571746367092 -2.457214055273075 -0.006598131498969531 2.2327311247220165
0.0008225524440436931 -1.884166932536027 -0.00669694216833738 -1.0732600181273915
0.0008225524440436969 1.884166932536032 -0.00669694216833782 1.0732600181275773
0.00043687609821220274 2.9009979153876544 -0.006832382275974482 -0.46523113249628034
0.0004368760982108776 -2.900997915387637 -0.0068323822760375545 0.46523113249707976
0.13288316763505634 2.2256188487356243e-16 -0.01287059853612613 1.8767292047912758e-13
0.0004412200695451345 2.6505495343574816 -0.02592599689408244 -0.8636400624527419
0.0004412200695448075 -2.650549534357451 -0.025925996894103208 0.8636400624541168
0.00024081291640387574 1.0918319292023333 -0.027781294671110967 -1.8101191288014191
0.00024081291640381568 -1.0918319292023215 -0.027781294671113774 1.8101191288019962
0.0005064792653672963 2.3186809208356443 -0.028074866041275865 2.9760984071445806
0.0005064792653670387 -2.318680920835644 -0.02807486604128623 -2.976098407144659
0.0019388181271252165 2.217180922065112e-13 -0.2784979459055033 3.1415926535880505

0.0014059517243381816 -0.631779285524552 0.04512425646877192 1.2727968807337249
0.0014059517243368322 0.6317792855240901 0.045124256468748805 -1.272796880784948
0.0042985240559515634 -1.2473091657564561 0.03226395281213896 2.711186093120438
0.004298524055949741 1.2473091657564148 0.03226395281211889 -2.711186093122636
0.0012297099895535572 1.0718294413205627 0.022382539396808634 -2.2922545769081264
0.0012297099895538358 -1.0718294413206333 0.0223825393967941 2.2922545769061835
0.0013632430384729383 -1.7461275136342873 0.016572464175440265 2.7792509736458397
0.001363243038472729 1.7461275136342644 0.01657246417543733 -2.7792509736466506
0.000675773563821518 2.798937218486163 0.0056894164199412945 -2.2561531822429677
0.0006757735638212393 -2.798937218486178 0.005689416419928901 2.2561531822422927
0.0011998880891175869 0.41627257778544124 -0.003920458672437473 1.216931185306406
0.0011998880891145498 -0.4162725777853951 -0.003920458672494536 -1.2169311853032554
0.0008408718412913547 -1.4765757107923525 -0.006295981263068389 -2.243078504567542
0.0008408718412898891 1.4765757107923483 -0.006295981263101266 2.243078504567085
0.0018720290329082723 -2.3334240066448553 -0.009241096327774971 2.3835687936938883
0.0018720290329080006 2.333424006644856 -0.009241096327778272 -2.383568793693846
0.0005937564950804773 -2.632849170171977 -0.013351969736523105 -3.126680605916159
0.0005937564950804558 2.6328491701719834 -0.013351969736523762 3.1266806059164365
0.0002909021175493825 -3.1415926535897727 -0.015935327296218306 1.1758943804720417e-12
0.038353075796891276 -1.3063338222085955e-15 -0.01965787023757024 -6.387815802785237e-14
2.2242846163547807e-05 2.069529943723749 -0.053976881262246576 1.3984368924125512
2.224284616354103e-05 -2.069529943723734 -0.05397688126225225 -1.3984368924118806
0.0008050665713490819 -0.48731117678456426 -0.11338690364254218 0.4411178226273564
0.000805066571348267 0.48731117678453384 -0.11338690364255843 -0.4411178226300977

